{
  "W": [
    [45, 28, 27],
    [53, 26, 21],
    [49, 21, 30],
    [40, 26, 34],
    [51, 26, 23],
    [45, 25, 30],
    [44, 32, 24],
    [38, 27, 35],
    [46, 23, 31],
    [51, 33, 16],
    [49, 25, 26],
    [46, 30, 24],
    [47, 26, 27],
    [42, 32, 26],
    [47, 18, 35],
    [43, 24, 33],
    [35, 44, 21],
    [22, 49, 29],
    [27, 45, 28],
    [28, 47, 25],
    [27, 47, 26],
    [29, 45, 26],
    [22, 48, 30],
    [29, 44, 27],
    [28, 41, 31],
    [30, 54, 16],
    [26, 52, 22],
    [34, 38, 28],
    [25, 46, 29],
    [29, 43, 28],
    [26, 51, 23],
    [27, 51, 22],
    [27, 42, 31],
    [29, 35, 36],
    [25, 23, 52],
    [34, 21, 45],
    [26, 32, 42],
    [25, 19, 56],
    [26, 24, 50],
    [24, 32, 44],
    [31, 23, 46],
    [34, 31, 35],
    [25, 25, 50],
    [35, 28, 37],
    [21, 28, 51],
    [24, 27, 49],
    [26, 23, 51],
    [28, 26, 46],
    [21, 30, 49],
    [26, 31, 43]
  ],
  "X": [
    [19, 55, 26],
    [18, 59, 23],
    [18, 59, 23],
    [17, 61, 22],
    [13, 62, 25],
    [19, 62, 19],
    [17, 63, 20],
    [9, 65, 26],
    [18, 65, 17],
    [15, 63, 22],
    [22, 54, 24],
    [13, 71, 16],
    [14, 65, 21],
    [10, 68, 22],
    [20, 58, 22],
    [14, 59, 27],
    [12, 71, 17],
    [15, 63, 22],
    [12, 71, 17],
    [11, 74, 15],
    [10, 68, 22],
    [11, 68, 21],
    [21, 65, 14],
    [13, 74, 13],
    [9, 68, 23],
    [14, 71, 15],
    [15, 72, 13],
    [19, 69, 12],
    [22, 63, 15],
    [15, 71, 14],
    [17, 69, 14],
    [15, 68, 17],
    [12, 66, 22],
    [14, 64, 22],
    [9, 54, 37],
    [15, 54, 31],
    [13, 68, 19],
    [9, 66, 25],
    [13, 58, 29],
    [9, 69, 22],
    [19, 52, 29],
    [19, 55, 26],
    [15, 54, 31],
    [14, 69, 17],
    [14, 62, 24],
    [9, 64, 27],
    [9, 68, 23],
    [16, 56, 28],
    [8, 72, 20],
    [18, 55, 27]
  ],
  "real_prob": [
    [0.26644096613, 0.52018094832, 0.21337808555],
    [0.12380839387, 0.87551906137, 0.00067254475878],
    [0.057573103625, 0.51283619661, 0.42959069976]
  ],
  "method": "exact",
  "prob": [
    [0.23534144477, 0.55328358702, 0.21137496821],
    [0.12120163748, 0.84007829046, 0.038720072056],
    [0.076616255637, 0.52657007817, 0.39681366619]
  ],
  "iterations": 47,
  "logLik": -270.7047071094,
  "time": 50.949553,
  "message": "Converged",
  "status": 0,
  "cond_prob": [
    [
      [0.27341055217, 0.15546607906, 0.086795368101, 0.46858049647, 0.79138900937, 0.43536982949, 0.25800895136, 0.053144911565, 0.47783480241, 0.24458641662, 0.130874474, 0.077818266421, 0.51828419779, 0.82316349853, 0.4823184074, 0.23712938559, 0.045962027461, 0.43986332618, 0.25777434456, 0.13430301169, 0.084956462362, 0.53429617962, 0.82638401112, 0.51551409885, 0.20792947582, 0.039312977194, 0.39952943879, 0.26249299727, 0.13556246492, 0.087519294744, 0.53937745487, 0.82728595828, 0.52692549676, 0.19812954786, 0.037151576802, 0.3855552085, 0.18215941145, 0.094280873796, 0.05472031728, 0.55778884013, 0.85695457363, 0.490084793, 0.26005174842, 0.048764552577, 0.45519488972, 0.27913809481, 0.14172521014, 0.09652184933, 0.5483646271, 0.82647963505],
      [0.5553866968, 0.17249727808, 0.031795154806, 0.34809145387, 0.24858629478, 0.12843360385, 0.081346987767, 0.54275285083, 0.83249492361, 0.51995987534, 0.20866085439, 0.03907147254, 0.39869313689, 0.14591128819, 0.072001747158, 0.04318068216, 0.6022804965, 0.88289618863, 0.52214697257, 0.25180821531, 0.045102064208, 0.43467234527, 0.26453884991, 0.12861296599, 0.092681118914, 0.5855863291, 0.84491687975, 0.60096582668, 0.14987482099, 0.026470154266, 0.3063530544, 0.20469115792, 0.10791134461, 0.062479785864, 0.5388369031, 0.84317132286, 0.48091651797, 0.25647193898, 0.048917332528, 0.45660369617, 0.30641449147, 0.17331405521, 0.10203225145, 0.46420546899, 0.77966719219, 0.45239431594, 0.22938003954, 0.0470187526, 0.4455734326, 0.19178399059],
      [0.088748266897, 0.063145351074, 0.64354045224, 0.88360279914, 0.62037730095, 0.16467555717, 0.027648933966, 0.31647734797, 0.20456466914, 0.10083327027, 0.065325760118, 0.58942029861, 0.86232757999, 0.55098995873, 0.20601503225, 0.036839149736, 0.38368428115, 0.15286639215, 0.074427696673, 0.046074047551, 0.61151426754, 0.88398427624, 0.53957322783, 0.23561934032, 0.041588027082, 0.41435272462, 0.2920906114, 0.15214621183, 0.10094598433, 0.5259923573, 0.81343180039, 0.53247390857, 0.1819170313, 0.034421987781, 0.36658010711, 0.21265966435, 0.11240605924, 0.065390576094, 0.53445527967, 0.83910269552, 0.48121085702, 0.25288505597, 0.048491245243, 0.45339856689, 0.19025431936, 0.092756870248, 0.059990311017, 0.601177028, 0.87042550923, 0.55524198162]
    ],
    [
      [0.20856865264, 0.036817620524, 0.38476770736, 0.2566748861, 0.14330050561, 0.08039405968, 0.48486655038, 0.80450053904, 0.44525549927, 0.25845856352, 0.052198955351, 0.47435044105, 0.20724127179, 0.10069439595, 0.066901351564, 0.59926638675, 0.86521536752, 0.56732557213, 0.19349234146, 0.03409023653, 0.36577307631, 0.18913420172, 0.088844946414, 0.061141194817, 0.63089481098, 0.88050790252, 0.59804295497, 0.17997098731, 0.030647151064, 0.34081585022, 0.16933148758, 0.087951062547, 0.049782688292, 0.55758978548, 0.86073706048, 0.48040130575, 0.27307872694, 0.051311876971, 0.46981600596, 0.18361167858, 0.094090411713, 0.055430492083, 0.56420251852, 0.85912883652, 0.49912805074, 0.2521858029, 0.046780751763, 0.44544145718, 0.35798801037, 0.18941679332],
      [0.13440858974, 0.49809324318, 0.7829551666, 0.54867002177, 0.14391874645, 0.027628040071, 0.31692138849, 0.22178978784, 0.10273588367, 0.07584138041, 0.63451824851, 0.87310506716, 0.63638325326, 0.14369196365, 0.024159049167, 0.28777536633, 0.15582708697, 0.07827495568, 0.046050592963, 0.58584117034, 0.87469569009, 0.50754593344, 0.25833174268, 0.047029354228, 0.4464034736, 0.22387136666, 0.11367568247, 0.071585759166, 0.56158318504, 0.84697119647, 0.52600373996, 0.21454544831, 0.039353121051, 0.40241050088, 0.25429030139, 0.1244937011, 0.087035441203, 0.58200055603, 0.8464785505, 0.58414095077, 0.16370914257, 0.029027748394, 0.32882360803, 0.30256255579, 0.14648948263, 0.11236688439, 0.57925269563, 0.83273006422, 0.63077378243, 0.11818474857],
      [0.020780453146, 0.25685933318, 0.36288152577, 0.19576621868, 0.13526606195, 0.48306973563, 0.77409487207, 0.52809974118, 0.1540487386, 0.030138909254, 0.33663419688, 0.25265782251, 0.12136916018, 0.087644616409, 0.59741088589, 0.8524912001, 0.60778438231, 0.14993129159, 0.026139639719, 0.30457100128, 0.28379217219, 0.14427425243, 0.098409419519, 0.54586055648, 0.82436294913, 0.55500500547, 0.17034727133, 0.031362798436, 0.34658557501, 0.24706726112, 0.12882311308, 0.079963871932, 0.53599272262, 0.83026274468, 0.50839984139, 0.21694001626, 0.040914142238, 0.41163628667, 0.2058964693, 0.10646323593, 0.063527078059, 0.55189196385, 0.84814818057, 0.49924817393, 0.24221156684, 0.045388583499, 0.43722474801, 0.23880066032, 0.12263527007, 0.077292955504]
    ],
    [
      [0.54893463659, 0.83779194938, 0.52106048085, 0.21226470308, 0.03957278055, 0.40164656365, 0.17147835629, 0.095197370389, 0.048528876419, 0.5084292924, 0.84024535683, 0.4223773939, 0.32009235131, 0.064557272786, 0.52909372968, 0.25118049059, 0.1391002211, 0.07863908171, 0.49141445886, 0.80911923627, 0.4511200986, 0.25740505055, 0.05178054263, 0.47024081969, 0.23397066111, 0.11261037299, 0.078886449417, 0.5999261044, 0.85830352206, 0.5937192519, 0.1661032345, 0.029086104949, 0.32739429868, 0.17417068598, 0.081511505215, 0.055303825916, 0.63654775697, 0.88619212485, 0.59372599471, 0.18928155705, 0.032296369938, 0.35097017938, 0.23837568228, 0.12621001794, 0.075463836602, 0.52601177664, 0.8284179777, 0.48883324685, 0.23561254108, 0.04537200436],
      [0.43570291655, 0.17007578913, 0.080334208483, 0.053351963396, 0.63027611703, 0.88535551508, 0.5804999252, 0.19964809384, 0.034310276438, 0.36614811141, 0.31878477204, 0.18299387011, 0.10671332726, 0.45052179954, 0.76889594802, 0.44237429152, 0.23069342842, 0.048110181866, 0.45091238122, 0.30062904625, 0.17208272853, 0.098401366942, 0.45718628409, 0.77765069796, 0.43852842012, 0.24218466966, 0.050266573512, 0.46307021293, 0.27281483597, 0.15336761219, 0.086908775922, 0.47550136734, 0.79520995364, 0.44464433951, 0.25168379669, 0.05142243417, 0.46844688457, 0.23016327193, 0.10821395784, 0.078764720621, 0.62035787319, 0.8662293017, 0.62251497272, 0.14947885487, 0.02555674046, 0.29872030666, 0.26669262572, 0.13656506503, 0.089718294879, 0.54361886038],
      [0.82807036581, 0.53721634685, 0.1896885139, 0.035364569156, 0.37306535827, 0.17221914456, 0.084919019029, 0.052529122792, 0.59538642079, 0.87338458827, 0.53325187792, 0.23239443466, 0.041696392703, 0.41421899929, 0.17015421642, 0.078901498595, 0.054142272655, 0.64534880715, 0.88992739121, 0.60299217679, 0.18449697643, 0.031171110196, 0.34286555056, 0.27923208785, 0.15364874039, 0.091013788917, 0.488943981, 0.79999721261, 0.4676008914, 0.23182393115, 0.046354047006, 0.44138531969, 0.15930333593, 0.071868205525, 0.050991505709, 0.67069537797, 0.90018136837, 0.6308154288, 0.1700012861, 0.027950426103, 0.31819306549, 0.31051127551, 0.17720427397, 0.10310172892, 0.45649349963, 0.77452235412, 0.44467386121, 0.23299522486, 0.048273371911, 0.45222440987]
    ]
  ],
  "maxiter": 3600,
  "param_threshold": 0.001,
  "ll_threshold": "-Inf",
  "initial_prob": "group_proportional"
}
