{
  "W": [
    [47, 27, 26],
    [39, 32, 29],
    [44, 26, 30],
    [50, 24, 26],
    [41, 26, 33],
    [52, 24, 24],
    [52, 28, 20],
    [42, 31, 27],
    [45, 27, 28],
    [52, 26, 22],
    [41, 27, 32],
    [43, 25, 32],
    [51, 25, 24],
    [43, 33, 24],
    [49, 21, 30],
    [39, 34, 27],
    [51, 23, 26],
    [33, 38, 29],
    [28, 37, 35],
    [30, 47, 23],
    [20, 53, 27],
    [25, 52, 23],
    [19, 51, 30],
    [37, 41, 22],
    [26, 48, 26],
    [28, 42, 30],
    [31, 37, 32],
    [24, 47, 29],
    [21, 53, 26],
    [24, 48, 28],
    [29, 42, 29],
    [26, 50, 24],
    [18, 50, 32],
    [25, 38, 37],
    [24, 26, 50],
    [29, 27, 44],
    [19, 30, 51],
    [35, 25, 40],
    [29, 26, 45],
    [20, 31, 49],
    [23, 28, 49],
    [28, 24, 48],
    [26, 29, 45],
    [30, 21, 49],
    [21, 38, 41],
    [33, 25, 42],
    [35, 21, 44],
    [28, 24, 48],
    [35, 26, 39],
    [27, 33, 40]
  ],
  "X": [
    [22, 58, 20],
    [32, 50, 18],
    [41, 39, 20],
    [28, 52, 20],
    [46, 38, 16],
    [41, 46, 13],
    [38, 49, 13],
    [31, 50, 19],
    [32, 50, 18],
    [41, 48, 11],
    [39, 44, 17],
    [28, 55, 17],
    [44, 44, 12],
    [41, 47, 12],
    [43, 43, 14],
    [49, 36, 15],
    [37, 47, 16],
    [41, 45, 14],
    [46, 40, 14],
    [33, 51, 16],
    [36, 45, 19],
    [30, 49, 21],
    [42, 39, 19],
    [33, 48, 19],
    [34, 51, 15],
    [31, 46, 23],
    [42, 41, 17],
    [32, 43, 25],
    [32, 43, 25],
    [32, 56, 12],
    [40, 44, 16],
    [34, 46, 20],
    [39, 42, 19],
    [33, 46, 21],
    [54, 29, 17],
    [44, 28, 28],
    [39, 33, 28],
    [33, 42, 25],
    [43, 41, 16],
    [40, 45, 15],
    [47, 29, 24],
    [48, 28, 24],
    [37, 47, 16],
    [49, 28, 23],
    [44, 40, 16],
    [34, 45, 21],
    [53, 32, 15],
    [47, 28, 25],
    [48, 39, 13],
    [45, 37, 18]
  ],
  "real_prob": [
    [0.32838814438, 0.62668271619, 0.044929139435],
    [0.3157426554, 0.52588725681, 0.15837008778],
    [0.53349173714, 0.14852957074, 0.31797869212]
  ],
  "method": "exact",
  "prob": [
    [0.34144283541, 0.59138391173, 0.06717325286],
    [0.23699439773, 0.57828700468, 0.18471859759],
    [0.59048327272, 0.11534128592, 0.29417544136]
  ],
  "iterations": 64,
  "logLik": -295.7560820185,
  "time": 159.350042,
  "message": "Converged",
  "status": 0,
  "cond_prob": [
    [
      [0.18116387919, 0.11847910879, 0.39562929773, 0.74220191725, 0.6828964651, 0.17993482044, 0.07663420356, 0.19862442611, 0.42443588183, 0.27398776287, 0.18658033897, 0.52910022072, 0.65862533975, 0.6315510857, 0.14151644853, 0.067386897379, 0.18186857533, 0.32938333075, 0.38424143317, 0.26033586361, 0.57748814955, 0.52810819488, 0.50395291494, 0.088682121235, 0.08765037195, 0.23571122146, 0.33382972921, 0.24482152142, 0.16057210445, 0.4578920547, 0.67037825781, 0.61880025684, 0.13961080559, 0.084800220773, 0.22062763871, 0.40249713971, 0.4131306864, 0.29368923444, 0.64926429582, 0.5217314628, 0.52261921422, 0.091542741076, 0.065137850804, 0.18369155134, 0.2591929631, 0.37178091012, 0.26453389462, 0.63827413345, 0.57026322644, 0.57175182212],
      [0.10934452058, 0.05795586344, 0.16371428325, 0.25238134596, 0.35589930251, 0.25144606491, 0.62263732261, 0.58482573473, 0.5822513295, 0.11430122839, 0.059274962762, 0.16630260558, 0.263061449, 0.27431677674, 0.18421309435, 0.50992923896, 0.65019056367, 0.61476978845, 0.13459751421, 0.075492659583, 0.2010171172, 0.35547324683, 0.27558984656, 0.18638189571, 0.52021949002, 0.65279710139, 0.62158455261, 0.13719098274, 0.071613052042, 0.19203355168, 0.34258952725, 0.37245631924, 0.26962511054, 0.6646372057, 0.5789326576, 0.59067004532, 0.11536730121, 0.04861102316, 0.13970484414, 0.21999549309, 0.33664233434, 0.23381166418, 0.59014841747, 0.59730951721, 0.5843167015, 0.11667996418, 0.066048148443, 0.18187163432, 0.29317161835, 0.21007169778],
      [0.14306448795, 0.48094702489, 0.73248317447, 0.70204375124, 0.18600405365, 0.057445127752, 0.1548917608, 0.33304892145, 0.40318747813, 0.29188579318, 0.67251224107, 0.54332799122, 0.55437735797, 0.10128493743, 0.053484530649, 0.15373684884, 0.22620282149, 0.37411752861, 0.27087647802, 0.66558427063, 0.57708101383, 0.5889416688, 0.11460172228, 0.048801457554, 0.14018185318, 0.21981400709, 0.37349471529, 0.26552234186, 0.63742632573, 0.56768990566, 0.56858520563, 0.10809684349, 0.058815379056, 0.16589245252, 0.25447683078, 0.47613282581, 0.34572387846, 0.69171140466, 0.46038080941, 0.47128410916, 0.074869952655, 0.063486364786, 0.18299201238, 0.23341864269, 0.33011754677, 0.22723267666, 0.57452513659, 0.59989876136, 0.58158626666, 0.11648765528]
    ],
    [
      [0.069983691862, 0.19118105668, 0.30898720813, 0.36609094814, 0.26317139297, 0.65236157857, 0.58242157909, 0.59011360896, 0.11571623274, 0.051487472762, 0.14671499807, 0.23192218869, 0.4009525815, 0.29256920428, 0.68423620455, 0.55007262539, 0.56582753061, 0.10463851018, 0.048974793103, 0.1416032651, 0.21112528526, 0.31112644361, 0.21700887257, 0.58551259481, 0.62946588257, 0.61872196492, 0.132003964, 0.05940767382, 0.16426916251, 0.28248344119, 0.34916653429, 0.24280386252, 0.59807646669, 0.58364428193, 0.57202107379, 0.11148138704, 0.067189183775, 0.18517506369, 0.29044214626, 0.29864430713, 0.20060277946, 0.52619773001, 0.62236365143, 0.58902054649, 0.12225392595, 0.078992041444, 0.21037667406, 0.35154834404, 0.41256694496, 0.29175746359],
      [0.64271991341, 0.51955980891, 0.5179757094, 0.09038674837, 0.067873246123, 0.190266827, 0.26689333822, 0.32325100245, 0.2187118562, 0.54875121842, 0.59810287615, 0.57015695283, 0.11335265983, 0.078646121405, 0.21113119096, 0.33789612175, 0.30626724179, 0.21625088315, 0.60219266625, 0.64189054749, 0.63871967442, 0.14047313051, 0.051842210719, 0.14502944244, 0.25733420324, 0.28577658824, 0.18950385956, 0.50130311427, 0.62947293456, 0.58776507714, 0.12295415309, 0.084750477206, 0.22273106331, 0.37574273265, 0.38101049318, 0.269293111, 0.63202592514, 0.55575757623, 0.55354093534, 0.10282814154, 0.063231930589, 0.17716595366, 0.26514593332, 0.31447509846, 0.20672227314, 0.5081603724, 0.59114492005, 0.54731157006, 0.10651303882, 0.094379981485],
      [0.2459661568, 0.38532658878, 0.33013256325, 0.21764141371, 0.5204700479, 0.57483963671, 0.53393395958, 0.10114876044, 0.095027800044, 0.24842462671, 0.37838119167, 0.25951437903, 0.18570739461, 0.60206071293, 0.70342569986, 0.70932058584, 0.18108553868, 0.03705992111, 0.10497201955, 0.21685374839, 0.36727666437, 0.26078903309, 0.63433921874, 0.5742791832, 0.57471433357, 0.11061729921, 0.058444152432, 0.16449663333, 0.25504348205, 0.33866293907, 0.2311718067, 0.56817388538, 0.58530992746, 0.56303532158, 0.10959065863, 0.076027133473, 0.20579287172, 0.32223545598, 0.36361788347, 0.25504928478, 0.61570043308, 0.5716821665, 0.5651491592, 0.10788322009, 0.064699950029, 0.17980155602, 0.27641634683, 0.26871520947, 0.1825971784, 0.52279532389]
    ],
    [
      [0.66332276725, 0.63458018741, 0.14332118101, 0.067962023275, 0.18282263419, 0.3338834951, 0.45206348984, 0.32929167888, 0.69177785186, 0.48978174371, 0.50290106286, 0.083396210332, 0.058154766456, 0.16780725826, 0.22482593781, 0.42150344634, 0.27583077395, 0.55293111726, 0.4642713463, 0.4276782487, 0.067927687324, 0.11422520736, 0.29649097734, 0.37914119541, 0.32079866751, 0.21251565879, 0.52018344222, 0.58784830106, 0.54791136767, 0.10575571078, 0.091353031429, 0.23957297354, 0.37406084699, 0.271736797, 0.17799868539, 0.47598112426, 0.63807293695, 0.58796776942, 0.12420632428, 0.090190266051, 0.2340335452, 0.39981255146, 0.31798405701, 0.22639358098, 0.61982731647, 0.63261165747, 0.63441195683, 0.13687891235, 0.049404285519, 0.13919446219],
      [0.24329377118, 0.25645723578, 0.18313826429, 0.59578712432, 0.70552473511, 0.70956835035, 0.1814874783, 0.038018029106, 0.10729338536, 0.22272539738, 0.41387111793, 0.28372872707, 0.60278693734, 0.50023237775, 0.48294618281, 0.08106453455, 0.085896504317, 0.23332509012, 0.31614852811, 0.43032091376, 0.29354434712, 0.60220729342, 0.47835118265, 0.45948791386, 0.074551186525, 0.091327903592, 0.24696773902, 0.32324152006, 0.24699818765, 0.17418705565, 0.56725827794, 0.7094899398, 0.70449652241, 0.18050805367, 0.043511872555, 0.12131642194, 0.25223366839, 0.43014545355, 0.295405513, 0.61004327797, 0.48239099796, 0.466489399, 0.076163115964, 0.087463548494, 0.23810508799, 0.31379360607, 0.35902262076, 0.25805884028, 0.65010461057, 0.59042235696],
      [0.59808117903, 0.11887916343, 0.050555022285, 0.14385998069, 0.231016226, 0.25323480253, 0.17168157087, 0.5083621963, 0.67972965701, 0.64845315541, 0.15137124841, 0.067035540455, 0.17986527372, 0.34026655528, 0.44614287254, 0.32583746916, 0.69414574111, 0.49809097961, 0.51272401056, 0.086354806632, 0.055766147849, 0.16143852028, 0.21949945226, 0.42365220515, 0.28626573468, 0.58890334632, 0.48058145542, 0.45720202013, 0.07439314094, 0.095766339422, 0.2565322452, 0.33670351274, 0.39238543389, 0.28725053252, 0.68712810175, 0.56169686707, 0.57956736946, 0.1095348217, 0.045917699034, 0.13318209802, 0.20333707654, 0.3871358917, 0.27430444441, 0.63738210647, 0.54993456185, 0.5490403268, 0.10083590115, 0.062929546454, 0.1766552288, 0.26178199239]
    ]
  ],
  "maxiter": 3600,
  "param_threshold": 0.001,
  "ll_threshold": "-Inf",
  "initial_prob": "group_proportional"
}
