{
  "W": [
    [59, 23, 18],
    [58, 23, 19],
    [52, 23, 25],
    [47, 30, 23],
    [50, 26, 24],
    [62, 24, 14],
    [54, 27, 19],
    [56, 22, 22],
    [51, 23, 26],
    [59, 22, 19],
    [57, 21, 22],
    [57, 20, 23],
    [62, 16, 22],
    [52, 27, 21],
    [66, 15, 19],
    [52, 22, 26],
    [46, 32, 22],
    [23, 57, 20],
    [24, 60, 16],
    [21, 57, 22],
    [23, 48, 29],
    [20, 57, 23],
    [20, 56, 24],
    [22, 65, 13],
    [20, 61, 19],
    [27, 54, 19],
    [24, 58, 18],
    [18, 56, 26],
    [20, 59, 21],
    [17, 59, 24],
    [24, 56, 20],
    [16, 67, 17],
    [31, 47, 22],
    [29, 40, 31],
    [19, 23, 58],
    [27, 15, 58],
    [20, 19, 61],
    [16, 21, 63],
    [20, 21, 59],
    [21, 16, 63],
    [18, 17, 65],
    [16, 26, 58],
    [28, 19, 53],
    [37, 14, 49],
    [29, 19, 52],
    [15, 19, 66],
    [22, 20, 58],
    [20, 19, 61],
    [19, 20, 61],
    [21, 26, 53]
  ],
  "X": [
    [22, 26, 52],
    [23, 26, 51],
    [23, 32, 45],
    [23, 21, 56],
    [19, 37, 44],
    [16, 28, 56],
    [20, 29, 51],
    [22, 36, 42],
    [24, 27, 49],
    [16, 35, 49],
    [19, 31, 50],
    [25, 33, 42],
    [18, 33, 49],
    [28, 22, 50],
    [17, 46, 37],
    [22, 25, 53],
    [23, 23, 54],
    [23, 19, 58],
    [22, 12, 66],
    [28, 12, 60],
    [31, 14, 55],
    [23, 20, 57],
    [30, 14, 56],
    [25, 14, 61],
    [27, 16, 57],
    [26, 12, 62],
    [29, 13, 58],
    [32, 13, 55],
    [24, 17, 59],
    [26, 10, 64],
    [27, 20, 53],
    [25, 13, 62],
    [16, 15, 69],
    [33, 18, 49],
    [36, 21, 43],
    [45, 31, 24],
    [56, 13, 31],
    [48, 24, 28],
    [52, 24, 24],
    [40, 27, 33],
    [51, 15, 34],
    [49, 22, 29],
    [44, 22, 34],
    [33, 36, 31],
    [43, 19, 38],
    [48, 21, 31],
    [48, 19, 33],
    [39, 26, 35],
    [49, 17, 34],
    [41, 20, 39]
  ],
  "real_prob": [
    [0.020043839761, 0.44403700011, 0.53591916012],
    [0.19738659977, 0.014956746517, 0.78765665372],
    [0.68658766879, 0.23043610599, 0.082976225224]
  ],
  "method": "exact",
  "prob": [
    [0.048298962543, 0.44859866851, 0.50310236895],
    [0.181845281, 0.026497376036, 0.79165734296],
    [0.68748472149, 0.19628745123, 0.11622782728]
  ],
  "iterations": 31,
  "logLik": -276.052848551,
  "time": 49.186166,
  "message": "Converged",
  "status": 0,
  "cond_prob": [
    [
      [0.06195326133, 0.20593245209, 0.75601728797, 0.38998840314, 0.020828781664, 0.1395345687, 0.54805833553, 0.77323876624, 0.10444814333, 0.063543530544, 0.21185728051, 0.76009251457, 0.39451488029, 0.021130341745, 0.13853363596, 0.54194158917, 0.76701237775, 0.10137384947, 0.043880276079, 0.17608923329, 0.66672693113, 0.49421361317, 0.031927088677, 0.22266276303, 0.46190611075, 0.79198367804, 0.11061030584, 0.047137005865, 0.15372488691, 0.70316583117, 0.357724036, 0.018787951939, 0.15753616304, 0.59513895814, 0.82748716115, 0.13929800579, 0.030862013201, 0.14533087784, 0.5699290215, 0.56757403776, 0.043050525005, 0.31258268591, 0.40156394904, 0.81161859716, 0.11748829258, 0.043998071776, 0.15381618761, 0.68432364623, 0.40175527939, 0.022599552563],
      [0.18205595833, 0.55424664884, 0.82358425983, 0.13362039544, 0.045389805949, 0.170347675, 0.68155596073, 0.45289368034, 0.027325075757, 0.20031390612, 0.50171651371, 0.80232724924, 0.11813013316, 0.047132069851, 0.2026485582, 0.67737890036, 0.5383630843, 0.037167915144, 0.22881696117, 0.41450484584, 0.76018352666, 0.093804138468, 0.045932418977, 0.16434136737, 0.68759981472, 0.42287070685, 0.024390081214, 0.18740854164, 0.53119687417, 0.81126855141, 0.12499164365, 0.031816585482, 0.13118829539, 0.59140415569, 0.49382687245, 0.032839618493, 0.27061804834, 0.47435654207, 0.83597208612, 0.13797779597, 0.036949726702, 0.13954172193, 0.63470406443, 0.44646874784, 0.027214681692, 0.22635332079, 0.51658152545, 0.83324359638, 0.13894261478, 0.059997013644],
      [0.23353680154, 0.73519279094, 0.49575249156, 0.030964957106, 0.17925255821, 0.44425049479, 0.73549824136, 0.085554650853, 0.035055875733, 0.13221816912, 0.62322931812, 0.44298564203, 0.02700556627, 0.23194550608, 0.52195848224, 0.84077626461, 0.1448251758, 0.081193584809, 0.25375325118, 0.80602837181, 0.36976285104, 0.018526530431, 0.10819597258, 0.54904356415, 0.72772021839, 0.085775655607, 0.037580666136, 0.18698681646, 0.61657230464, 0.60227275026, 0.048134632877, 0.2909462626, 0.3601465836, 0.76487855067, 0.092481432756, 0.038875247491, 0.13211576569, 0.65661308789, 0.37759680272, 0.020740359969, 0.18879532074, 0.58352794979, 0.84714387434, 0.15459159137, 0.048280631176, 0.16695232918, 0.70166438327, 0.401901458, 0.022341448746, 0.17261848055]
    ],
    [
      [0.54981791083, 0.81070622207, 0.12571713617, 0.03906427286, 0.1653262613, 0.63389624151, 0.52049402119, 0.034967527914, 0.25177442107, 0.44044170595, 0.79970621079, 0.11432933741, 0.048803938564, 0.15769690938, 0.71043068197, 0.35349640947, 0.018130852124, 0.15176469032, 0.59769965196, 0.82417223849, 0.1378046277, 0.056886131448, 0.18502446173, 0.73904531459, 0.37030155994, 0.019101599678, 0.14249436635, 0.57281230862, 0.79587393859, 0.11846031906, 0.054471147436, 0.17949162169, 0.72867468165, 0.37760031647, 0.019850579995, 0.15042637522, 0.56792853609, 0.80065779831, 0.12089894313, 0.033701742493, 0.15266064473, 0.59236123481, 0.55220795821, 0.039756157991, 0.29085825349, 0.41409029929, 0.80758319728, 0.1167805117, 0.056995952071, 0.2022675899],
      [0.7305456635, 0.43364299454, 0.02437481922, 0.16508959303, 0.50936105339, 0.77335759088, 0.10436474346, 0.059127463552, 0.21742682963, 0.73588091351, 0.45867414149, 0.026509713229, 0.16815673287, 0.48219839495, 0.75606345714, 0.095962353628, 0.051579169255, 0.20775435403, 0.69975794837, 0.50756940556, 0.032236943911, 0.20432412159, 0.44085142519, 0.76000870206, 0.095917930038, 0.060366931127, 0.1848938456, 0.75714869459, 0.32728235835, 0.015950909243, 0.12115932766, 0.61235071052, 0.79915524516, 0.12169197775, 0.0700077898, 0.23017467464, 0.77609343975, 0.39507942142, 0.020533958171, 0.12928468401, 0.53491278878, 0.74929136719, 0.094621876246, 0.059785074667, 0.20799813084, 0.74138358957, 0.42397709816, 0.023340017177, 0.15620658736, 0.51623782718],
      [0.76866185198, 0.10240982308, 0.040171634663, 0.16427431713, 0.64306583791, 0.50225214774, 0.032562538529, 0.23970320343, 0.4575762176, 0.80316314434, 0.11723095867, 0.045781771135, 0.14281729087, 0.69981207205, 0.3244157971, 0.016079956617, 0.14734225037, 0.62980243177, 0.84110275251, 0.15284567757, 0.04942962176, 0.21670733, 0.68390392988, 0.5537596673, 0.03839894691, 0.22797134789, 0.39681071094, 0.74489372309, 0.08812472223, 0.048319998932, 0.18655772466, 0.6898536744, 0.47715174353, 0.028928370764, 0.20161007426, 0.47452825754, 0.78451390458, 0.10853625134, 0.023018209574, 0.07310001673, 0.53866975986, 0.30767741283, 0.015755447472, 0.21461337141, 0.66930437759, 0.9111445358, 0.24671686873, 0.05968520299, 0.20712439779, 0.74142429683]
    ],
    [
      [0.42163216818, 0.023392012485, 0.15603182656, 0.51868262883, 0.76948358972, 0.10254387661, 0.028209900379, 0.096492720935, 0.57318412606, 0.37338241194, 0.020704427351, 0.2315436611, 0.59840768768, 0.88280285171, 0.19527221284, 0.052265436957, 0.2484801204, 0.68726950683, 0.60543839298, 0.046334974342, 0.24065756508, 0.34229617007, 0.70518490526, 0.072072928092, 0.083739745964, 0.24841007225, 0.81320350341, 0.33665416677, 0.015994821291, 0.097754345246, 0.57960608726, 0.73559510646, 0.089042151343, 0.048942951865, 0.20932132398, 0.67970103121, 0.54550691586, 0.037535487581, 0.22989911281, 0.40555013228, 0.75314318843, 0.090399855975, 0.069246894153, 0.30631347815, 0.74885557756, 0.58974070176, 0.041705865039, 0.19202309829, 0.34101240409, 0.65198065681],
      [0.059121324156, 0.032427645526, 0.12752292675, 0.5917246447, 0.47294490778, 0.030144545532, 0.26326736838, 0.49462744669, 0.84233252772, 0.14500798692, 0.052761946326, 0.16239468801, 0.72753192723, 0.32631770306, 0.016204071688, 0.1361663404, 0.62092035061, 0.8214012403, 0.13630173237, 0.058258529678, 0.2501733949, 0.71660957341, 0.55920568192, 0.038447643483, 0.20781155791, 0.38253578841, 0.71137896162, 0.07557886868, 0.05675825605, 0.20390814752, 0.72710403826, 0.44426039052, 0.025709548728, 0.17117410641, 0.49898135343, 0.77038230376, 0.10172185533, 0.035327295266, 0.16389627855, 0.59996616685, 0.56928737888, 0.042751807075, 0.29260901393, 0.39538532586, 0.79335191438, 0.10742481923, 0.055036398925, 0.18000395255, 0.73045902563, 0.37446055765],
      [0.01975519003, 0.14933260034, 0.57050304343, 0.80024085742, 0.12020837403, 0.044273677265, 0.16408150002, 0.66997494456, 0.45150300239, 0.027002462962, 0.20779406315, 0.50422332034, 0.80891603702, 0.1222309923, 0.058414703546, 0.20202889086, 0.73576377077, 0.42102218316, 0.023434093078, 0.15980741567, 0.52056311329, 0.77453701606, 0.10442881356, 0.032087999568, 0.12555968852, 0.58971485126, 0.46936112121, 0.029748406772, 0.2630747188, 0.49855087922, 0.84469190471, 0.14721042994, 0.054662823532, 0.18011167667, 0.72719955442, 0.38136176337, 0.020242008798, 0.15326698885, 0.56397541309, 0.79964631453, 0.11953345673, 0.044801457663, 0.16062475963, 0.6770363328, 0.42801010804, 0.024734188555, 0.19563582696, 0.5271884343, 0.81464105181, 0.12732784024]
    ]
  ],
  "maxiter": 3600,
  "param_threshold": 0.001,
  "ll_threshold": "-Inf",
  "initial_prob": "group_proportional"
}
