{
  "W": [
    [48, 22, 30],
    [63, 14, 23],
    [54, 28, 18],
    [63, 19, 18],
    [59, 21, 20],
    [65, 17, 18],
    [63, 23, 14],
    [59, 23, 18],
    [60, 21, 19],
    [55, 24, 21],
    [58, 21, 21],
    [47, 25, 28],
    [47, 29, 24],
    [56, 21, 23],
    [46, 26, 28],
    [51, 27, 22],
    [44, 34, 22],
    [24, 55, 21],
    [26, 51, 23],
    [20, 59, 21],
    [25, 51, 24],
    [18, 63, 19],
    [22, 60, 18],
    [15, 56, 29],
    [22, 59, 19],
    [16, 55, 29],
    [20, 58, 22],
    [25, 46, 29],
    [21, 62, 17],
    [22, 56, 22],
    [20, 64, 16],
    [22, 54, 24],
    [25, 48, 27],
    [22, 39, 39],
    [19, 22, 59],
    [31, 17, 52],
    [22, 22, 56],
    [19, 26, 55],
    [24, 19, 57],
    [23, 22, 55],
    [27, 22, 51],
    [22, 19, 59],
    [18, 23, 59],
    [19, 24, 57],
    [29, 25, 46],
    [24, 22, 54],
    [22, 23, 55],
    [23, 14, 63],
    [23, 20, 57],
    [19, 16, 65]
  ],
  "X": [
    [43, 36, 21],
    [40, 36, 24],
    [44, 31, 25],
    [49, 24, 27],
    [40, 28, 32],
    [51, 28, 21],
    [44, 26, 30],
    [42, 28, 30],
    [52, 26, 22],
    [36, 34, 30],
    [37, 33, 30],
    [37, 37, 26],
    [49, 25, 26],
    [37, 29, 34],
    [31, 37, 32],
    [41, 31, 28],
    [38, 30, 32],
    [41, 23, 36],
    [42, 22, 36],
    [39, 25, 36],
    [48, 25, 27],
    [39, 22, 39],
    [48, 23, 29],
    [30, 29, 41],
    [44, 21, 35],
    [41, 29, 30],
    [41, 24, 35],
    [43, 23, 34],
    [51, 19, 30],
    [46, 19, 35],
    [40, 26, 34],
    [46, 23, 31],
    [36, 30, 34],
    [39, 34, 27],
    [20, 58, 22],
    [36, 44, 20],
    [32, 49, 19],
    [34, 49, 17],
    [28, 48, 24],
    [35, 47, 18],
    [30, 46, 24],
    [33, 46, 21],
    [25, 48, 27],
    [22, 58, 20],
    [29, 44, 27],
    [32, 45, 23],
    [27, 45, 28],
    [30, 56, 14],
    [33, 50, 17],
    [23, 58, 19]
  ],
  "real_prob": [
    [0.50747525547, 0.21915272959, 0.27337201493],
    [0.43375903126, 0.050124518716, 0.51611645003],
    [0.1829309411, 0.75079752424, 0.066271534661]
  ],
  "method": "exact",
  "prob": [
    [0.51225410555, 0.22047662991, 0.26726926454],
    [0.48704106887, 0.048110952505, 0.46484797863],
    [0.13695975045, 0.7678658464, 0.095174403145]
  ],
  "iterations": 32,
  "logLik": -268.3857756866,
  "time": 68.753638,
  "message": "Converged",
  "status": 0,
  "cond_prob": [
    [
      [0.55474185432, 0.55384848815, 0.13959080844, 0.23230718507, 0.053862408658, 0.78880940421, 0.21295096061, 0.39228910319, 0.071599787351, 0.48693904567, 0.4816633689, 0.11215447645, 0.26209261898, 0.060230365979, 0.81064956002, 0.25096833535, 0.45810626512, 0.077195963529, 0.50819563145, 0.51751426663, 0.11483535756, 0.26859256844, 0.063413090348, 0.81780193192, 0.22321180011, 0.41907264302, 0.06736271052, 0.56960716941, 0.52080930638, 0.17885397255, 0.16715877889, 0.035566014737, 0.71073570279, 0.2632340517, 0.44362467888, 0.11041032467, 0.47971190028, 0.432091416, 0.13115390738, 0.20399803659, 0.042730900963, 0.75333834605, 0.31629006313, 0.52517768304, 0.11550774657, 0.58829906788, 0.58005597587, 0.16108938876, 0.20680975737, 0.04739326115],
      [0.76398224065, 0.20489117475, 0.37255076298, 0.074928370592, 0.49870396986, 0.46871077341, 0.12866443645, 0.22265505207, 0.048609462817, 0.77533671965, 0.27864097807, 0.48267976378, 0.095998843905, 0.49340246044, 0.46010328655, 0.12815995797, 0.22028821838, 0.047727828263, 0.77251417031, 0.28630932118, 0.49216888519, 0.099325871715, 0.60536587711, 0.58489287149, 0.17869984589, 0.18490623397, 0.041532620052, 0.73860215479, 0.20972788892, 0.37357450846, 0.082697999325, 0.43419207105, 0.42156917266, 0.095322664219, 0.27771259021, 0.062563003355, 0.82020454563, 0.28809533875, 0.51586782399, 0.084472790154, 0.44668703915, 0.42440248836, 0.10379521304, 0.25720197711, 0.056751317718, 0.80430988835, 0.29611098374, 0.51884619392, 0.091894898613, 0.47415438791],
      [0.46891685467, 0.10685080005, 0.26852996957, 0.061603717987, 0.81567851716, 0.25731564252, 0.46947942734, 0.077470682795, 0.60051342864, 0.55315922416, 0.19726047305, 0.15596691567, 0.033428407915, 0.69583879725, 0.24351965569, 0.41341236792, 0.1069007297, 0.45767205911, 0.40159297513, 0.12769183531, 0.19730124308, 0.040283281328, 0.7437035426, 0.34502669781, 0.55812374355, 0.12860462209, 0.40427308202, 0.38088346063, 0.089302437532, 0.27396267688, 0.059889696859, 0.81573516948, 0.32176424111, 0.55922684251, 0.09496239299, 0.4977102616, 0.47875625857, 0.12228898533, 0.2384046838, 0.053229054141, 0.79109893929, 0.2638850546, 0.46801468729, 0.086612075382, 0.46653829014, 0.44114918939, 0.11242012703, 0.24345790048, 0.053385166905, 0.79421621382]
    ],
    [
      [0.29000380938, 0.50546564371, 0.093363659153, 0.51082359154, 0.4691423579, 0.1398763866, 0.20050872956, 0.042622988258, 0.75445362554, 0.28866767891, 0.48823465384, 0.10566998786, 0.53591168073, 0.47360994743, 0.17009517314, 0.16098838558, 0.033031292615, 0.70129156746, 0.30309993369, 0.49335875996, 0.1286132594, 0.47774932998, 0.45898118701, 0.11262492223, 0.24742483111, 0.054841932615, 0.80075377874, 0.27482583892, 0.48617688038, 0.086621299025, 0.59153883081, 0.57205611887, 0.16819446532, 0.19238368446, 0.043101237878, 0.74967686486, 0.21607748473, 0.38484264325, 0.082128669822, 0.47887673466, 0.44611331419, 0.1197410517, 0.22657078294, 0.04869722619, 0.78177898196, 0.2945524824, 0.50518945962, 0.098479966349, 0.552112186, 0.55738846654],
      [0.13390132864, 0.23975359842, 0.055836612619, 0.79862355987, 0.20813421558, 0.38677492084, 0.067475111491, 0.41497588485, 0.37220926033, 0.10109114306, 0.23460316439, 0.048643993584, 0.78472030667, 0.35042095076, 0.57914674609, 0.11418855027, 0.53595454611, 0.49772949473, 0.14962946296, 0.19475321505, 0.041830902873, 0.74986347365, 0.26929223884, 0.46043960239, 0.10050706339, 0.53455473129, 0.51816999853, 0.13613015104, 0.22366545929, 0.050128206944, 0.78152762998, 0.24177980942, 0.43170179452, 0.082342218984, 0.51111128339, 0.48016918029, 0.13308917614, 0.2154459553, 0.046783067845, 0.77171195268, 0.27344276131, 0.47304775186, 0.095198871174, 0.56994598115, 0.49291518892, 0.20956040625, 0.12795836842, 0.025775292773, 0.64190956282, 0.30209565043],
      [0.48130951831, 0.14853003093, 0.59702491331, 0.57274978534, 0.17364647821, 0.18412892784, 0.040835121168, 0.74126558841, 0.21884615885, 0.38641509349, 0.085087933388, 0.58134040655, 0.51196096404, 0.20639532136, 0.13468464971, 0.027556930904, 0.6588067989, 0.28397494374, 0.46048210506, 0.13479787974, 0.43475419266, 0.46887161991, 0.081070779538, 0.34009284917, 0.084271034688, 0.86279979978, 0.22515295817, 0.4468573454, 0.056129420679, 0.57938722311, 0.53676036086, 0.17785090021, 0.17056788779, 0.036643702489, 0.71953110559, 0.2500448891, 0.42659593665, 0.10261799419, 0.46851550014, 0.44249430093, 0.11286615006, 0.24146347317, 0.052765974049, 0.79372764505, 0.29002102668, 0.50473972502, 0.093406204895, 0.55956750234, 0.51812235312, 0.16622418402]
    ],
    [
      [0.18101938058, 0.038973161123, 0.73070821393, 0.25941311708, 0.44290448576, 0.10306760204, 0.38165608448, 0.38166528743, 0.073760984259, 0.32498373404, 0.075235791417, 0.85034104478, 0.29336018148, 0.54309892115, 0.075897970961, 0.57534205313, 0.5370224164, 0.17375029374, 0.17873344969, 0.03890006738, 0.72688388296, 0.24592449718, 0.42407751622, 0.099365823299, 0.55048039211, 0.53286607473, 0.14582817374, 0.21557954122, 0.048556632879, 0.77123221732, 0.23394006668, 0.4185772924, 0.082939608937, 0.5742398658, 0.57894594415, 0.14612450912, 0.22846798305, 0.053505572353, 0.78669024438, 0.19729215115, 0.3675484835, 0.067185246497, 0.49082576613, 0.44082035733, 0.13762447059, 0.19721712306, 0.041307209886, 0.74529740454, 0.31195711081, 0.51787243279],
      [0.11707812487, 0.58513150486, 0.56732435159, 0.16474253915, 0.19835988806, 0.044777325333, 0.75368402577, 0.21650860708, 0.38789832308, 0.08157343508, 0.49351145277, 0.45666239072, 0.12997290548, 0.21586478946, 0.046496338871, 0.76762218097, 0.29062375777, 0.49684127041, 0.10240491355, 0.5687505739, 0.51778252847, 0.1805020226, 0.16552286791, 0.035179435091, 0.7066116549, 0.26572655819, 0.44703803644, 0.1128863225, 0.45697510457, 0.39829199967, 0.12904630721, 0.19400426294, 0.039451231898, 0.73899228701, 0.3490206325, 0.56225676843, 0.13196140578, 0.40106304826, 0.4247316334, 0.073442857573, 0.34896027536, 0.085343521588, 0.86528965351, 0.24997667638, 0.48992484502, 0.061267488918, 0.45667018318, 0.42104337699, 0.11370609268, 0.2325773562],
      [0.049855444748, 0.78280153373, 0.31075246062, 0.52910117827, 0.1034923736, 0.53423292273, 0.48830619246, 0.15621617816, 0.18623135369, 0.039683447454, 0.73439651236, 0.27953572358, 0.47201036009, 0.10938730948, 0.46582192085, 0.40387291608, 0.13568801221, 0.18540909905, 0.037507635079, 0.72833316753, 0.34876898011, 0.55861944884, 0.13597882026, 0.56677704468, 0.57256545002, 0.14203510591, 0.23415136475, 0.055027793489, 0.79117665876, 0.19907159057, 0.3724067565, 0.066788235333, 0.57076987842, 0.56200562924, 0.1514417581, 0.21579735796, 0.049440270533, 0.77276939222, 0.21343276362, 0.38855410023, 0.075788849689, 0.46454026251, 0.44518707035, 0.1084729521, 0.25492732214, 0.056837624528, 0.80379967518, 0.28053241534, 0.49797530513, 0.087727372714]
    ]
  ],
  "maxiter": 3600,
  "param_threshold": 0.001,
  "ll_threshold": "-Inf",
  "initial_prob": "group_proportional"
}
