{
  "W": [
    [59, 23, 18],
    [54, 22, 24],
    [61, 21, 18],
    [56, 24, 20],
    [55, 24, 21],
    [55, 29, 16],
    [59, 19, 22],
    [59, 20, 21],
    [52, 19, 29],
    [47, 26, 27],
    [57, 30, 13],
    [53, 24, 23],
    [56, 25, 19],
    [56, 21, 23],
    [57, 24, 19],
    [55, 23, 22],
    [48, 26, 26],
    [22, 56, 22],
    [19, 58, 23],
    [25, 58, 17],
    [18, 57, 25],
    [23, 53, 24],
    [27, 56, 17],
    [21, 60, 19],
    [28, 54, 18],
    [20, 53, 27],
    [22, 55, 23],
    [22, 55, 23],
    [22, 59, 19],
    [18, 62, 20],
    [24, 57, 19],
    [24, 52, 24],
    [22, 60, 18],
    [20, 33, 47],
    [26, 20, 54],
    [23, 21, 56],
    [22, 23, 55],
    [21, 17, 62],
    [18, 21, 61],
    [23, 20, 57],
    [28, 17, 55],
    [20, 21, 59],
    [18, 23, 59],
    [26, 18, 56],
    [19, 23, 58],
    [25, 21, 54],
    [20, 23, 57],
    [22, 24, 54],
    [21, 20, 59],
    [19, 17, 64]
  ],
  "X": [
    [49, 23, 28],
    [51, 23, 26],
    [46, 24, 30],
    [43, 22, 35],
    [41, 28, 31],
    [44, 27, 29],
    [48, 18, 34],
    [36, 28, 36],
    [53, 21, 26],
    [40, 24, 36],
    [41, 29, 30],
    [41, 30, 29],
    [50, 25, 25],
    [41, 26, 33],
    [47, 21, 32],
    [43, 31, 26],
    [43, 25, 32],
    [48, 25, 27],
    [41, 35, 24],
    [39, 32, 29],
    [42, 28, 30],
    [42, 35, 23],
    [41, 24, 35],
    [41, 33, 26],
    [52, 26, 22],
    [45, 22, 33],
    [41, 32, 27],
    [35, 32, 33],
    [49, 21, 30],
    [41, 32, 27],
    [46, 28, 26],
    [42, 32, 26],
    [42, 34, 24],
    [35, 25, 40],
    [34, 29, 37],
    [31, 26, 43],
    [33, 21, 46],
    [21, 28, 51],
    [34, 29, 37],
    [34, 28, 38],
    [43, 24, 33],
    [30, 25, 45],
    [36, 28, 36],
    [30, 27, 43],
    [33, 27, 40],
    [40, 25, 35],
    [27, 31, 42],
    [31, 31, 38],
    [31, 30, 39],
    [34, 19, 47]
  ],
  "real_prob": [
    [0.54291806127, 0.21310248039, 0.24397945834],
    [0.49823351173, 0.3471236364, 0.15464285187],
    [0.17709947629, 0.23732493394, 0.58557558977]
  ],
  "method": "exact",
  "prob": [
    [0.52755449797, 0.20831410865, 0.26413139338],
    [0.46829425975, 0.34451895314, 0.18718678712],
    [0.20463392611, 0.2565589952, 0.53880707869]
  ],
  "iterations": 24,
  "logLik": -274.2447135143,
  "time": 50.365163,
  "message": "Converged",
  "status": 0,
  "cond_prob": [
    [
      [0.56404024674, 0.50516854209, 0.22793049858, 0.19070475951, 0.3190963987, 0.24495566771, 0.24525499375, 0.17573505921, 0.52711383372, 0.60663446616, 0.54177348856, 0.2634467533, 0.18569308979, 0.30979316833, 0.25654681035, 0.20767244406, 0.14843334312, 0.48000643635, 0.53091359436, 0.4725631211, 0.20502473338, 0.20336576342, 0.33821489962, 0.24956530774, 0.26572064222, 0.18922197928, 0.54540995888, 0.50486111674, 0.46032467867, 0.18399925872, 0.18326682332, 0.31221338624, 0.21219683122, 0.31187205994, 0.22746193509, 0.60380391006, 0.49008209182, 0.42617168839, 0.1817792585, 0.23579856706, 0.38309712103, 0.27794037652, 0.27411934112, 0.19073119058, 0.54028036497, 0.50856461606, 0.44670486724, 0.19215656041, 0.2216936776, 0.36376294109],
      [0.26610765252, 0.26974170633, 0.18953219167, 0.54173578707, 0.56288540617, 0.5242267799, 0.21952055537, 0.15083180803, 0.26248614467, 0.18698575353, 0.2862827858, 0.21328707544, 0.59349369111, 0.43067819655, 0.37518399562, 0.14696697578, 0.24492655966, 0.39871951876, 0.26547345736, 0.32439524379, 0.22609648562, 0.58755956686, 0.64296384879, 0.58119394904, 0.29390327003, 0.16629969654, 0.28079500269, 0.24197623203, 0.19073645466, 0.13801104828, 0.46412049794, 0.49833947534, 0.44904743688, 0.18158560371, 0.19664862116, 0.33105435324, 0.22778154153, 0.3050119035, 0.21989820988, 0.59063285476, 0.46723558312, 0.40617024484, 0.16788187821, 0.24056477881, 0.39066157614, 0.27445848642, 0.29219963806, 0.20316817902, 0.55765963537, 0.49823445371],
      [0.42635479685, 0.18961125344, 0.25168880637, 0.4023817272, 0.30449268737, 0.25007673992, 0.17126347595, 0.50589605919, 0.58105681073, 0.51240620245, 0.24477176517, 0.20386138677, 0.33582527199, 0.27305950216, 0.2150818025, 0.15176852556, 0.48216873267, 0.49405925318, 0.43521291492, 0.18231350472, 0.22120226555, 0.36408849856, 0.25942672432, 0.28473848127, 0.20069858651, 0.55825977097, 0.54484437979, 0.49804980996, 0.21003552174, 0.17317678753, 0.29575907166, 0.212142389, 0.28197883268, 0.20619111838, 0.57782208927, 0.51704509985, 0.43754341965, 0.20450094802, 0.26044394957, 0.41174664246, 0.32751863622, 0.22251095058, 0.15070993789, 0.46798041576, 0.52975747685, 0.47176409733, 0.2040682531, 0.20308774908, 0.33786207063, 0.24874516183]
    ],
    [
      [0.26715477407, 0.19037383204, 0.54718658506, 0.58546243222, 0.53231668327, 0.24136782853, 0.17139496722, 0.29085727612, 0.22460469357, 0.24314260055, 0.17682604061, 0.5340274779, 0.52773398923, 0.4506132558, 0.21032545078, 0.24893078968, 0.39680913154, 0.31545153768, 0.22333522109, 0.15257761265, 0.47422301154, 0.47552089153, 0.41719978667, 0.17143471088, 0.22944870903, 0.3758081796, 0.26275928571, 0.29503039944, 0.20699203373, 0.5658060034, 0.53312860183, 0.47861505659, 0.20490507765, 0.19436354951, 0.32569984907, 0.23746258848, 0.27250784866, 0.19568509434, 0.55763233387, 0.53993976637, 0.45822176085, 0.22065133534, 0.25331429767, 0.40136964153, 0.32921583969, 0.20674593595, 0.14040859762, 0.45013282497, 0.48239805283, 0.44860311443],
      [0.16785165679, 0.1678456763, 0.29135582395, 0.18542591757, 0.34975627087, 0.26004106162, 0.64672242564, 0.51002423095, 0.44313267901, 0.19481738995, 0.23341690618, 0.37858007893, 0.28333895971, 0.25655886286, 0.17828724206, 0.52184365034, 0.61690978238, 0.55247189458, 0.27183576589, 0.181209838, 0.30290859926, 0.25383667642, 0.20188037962, 0.14461950616, 0.47432755769, 0.56327099386, 0.52458939248, 0.21967934524, 0.15109691276, 0.26264851206, 0.18732187428, 0.28563209338, 0.21276209546, 0.59299878048, 0.52032856733, 0.45308211635, 0.20144587475, 0.22903645962, 0.37232560103, 0.28188216661, 0.25063497306, 0.17459228262, 0.51667195863, 0.4469497975, 0.3929086648, 0.1546577344, 0.23262650744, 0.38180816275, 0.25577251675, 0.32042369505],
      [0.22528317246, 0.58956974886, 0.5771366785, 0.54173983027, 0.22843910983, 0.14071057114, 0.24648496113, 0.17693445937, 0.28215275035, 0.21177520859, 0.5946264308, 0.51255991903, 0.44961467387, 0.19489058389, 0.22271242486, 0.36466083343, 0.26911023399, 0.26472765611, 0.1857244927, 0.53599918213, 0.55750794903, 0.4977744716, 0.2235086496, 0.19552630912, 0.32586353384, 0.24911300802, 0.24696574185, 0.17636199456, 0.52737834238, 0.53427704502, 0.46319282761, 0.21213849515, 0.23110387577, 0.37406290034, 0.29175984015, 0.23461907921, 0.16274427205, 0.49610166469, 0.52049336206, 0.44805923651, 0.20364399135, 0.24147632271, 0.38804695918, 0.30026129721, 0.23803031524, 0.16389380431, 0.49609471144, 0.51922569382, 0.46917938122, 0.19430992645]
    ],
    [
      [0.1898103811, 0.32035735018, 0.22621276217, 0.29096392508, 0.2104632686, 0.57947731138, 0.52697047427, 0.45749213955, 0.20646157181, 0.23037765674, 0.37372947641, 0.28769613697, 0.24265186899, 0.16877838404, 0.50584229121, 0.49796232585, 0.44269095664, 0.18304207886, 0.2105117378, 0.34973634627, 0.24667440641, 0.29152593636, 0.20757269709, 0.57028351473, 0.51985360033, 0.48047443387, 0.19113288752, 0.16644704087, 0.28742573488, 0.19504314906, 0.3136993588, 0.23209983125, 0.61382396341, 0.37826234697, 0.33042573701, 0.11998795459, 0.25108802191, 0.41021303501, 0.25408919266, 0.37064963112, 0.25936122798, 0.62592285275, 0.55555073737, 0.48440290184, 0.22668238998, 0.22038577909, 0.35903171052, 0.28677688615, 0.22406348354, 0.15656538763],
      [0.48654072387, 0.53895526432, 0.47178147773, 0.21348069063, 0.21927181551, 0.35865086814, 0.27690755931, 0.24177292016, 0.16956765413, 0.50961175006, 0.63159433314, 0.56622430403, 0.2852644637, 0.17693098922, 0.29625599053, 0.25471964478, 0.19147467764, 0.13751970545, 0.46001589152, 0.49720450908, 0.4456898639, 0.1812952996, 0.20197183911, 0.33834215309, 0.2348369153, 0.30082365181, 0.21596798301, 0.58386778509, 0.57320018244, 0.50377134561, 0.23890941978, 0.20869630492, 0.34263684737, 0.27733591563, 0.21810351264, 0.15359180702, 0.48375466459, 0.48270656488, 0.42466510058, 0.17510102683, 0.22433166415, 0.3688827107, 0.25941942749, 0.29296177096, 0.20645218872, 0.56547954568, 0.533116734, 0.47151509587, 0.20734370429, 0.20941546778],
      [0.3460634278, 0.25968357367, 0.25746779823, 0.18242147633, 0.53297272204, 0.59822706517, 0.53433526838, 0.25598671731, 0.18700991498, 0.31200291763, 0.25504983065, 0.21476301985, 0.15366181399, 0.48896345204, 0.45066783716, 0.38717538133, 0.15932648221, 0.25580724769, 0.41078912966, 0.28834570288, 0.29352491515, 0.20203548901, 0.55232781491, 0.49282774098, 0.4235542878, 0.18504605169, 0.24765866618, 0.3977538852, 0.29639659443, 0.25951359284, 0.178691827, 0.51855735388, 0.50926350587, 0.43977702968, 0.19508348785, 0.23932782372, 0.38624600166, 0.29235924862, 0.25140867041, 0.17397696866, 0.51255726353, 0.56745594844, 0.52954792801, 0.22212534693, 0.14779426288, 0.25767521397, 0.1845535995, 0.28474978868, 0.21277685802, 0.59332105357]
    ]
  ],
  "maxiter": 3600,
  "param_threshold": 0.001,
  "ll_threshold": "-Inf",
  "initial_prob": "group_proportional"
}
