{
  "W": [
    [48, 26, 26],
    [51, 29, 20],
    [56, 23, 21],
    [55, 24, 21],
    [53, 20, 27],
    [55, 22, 23],
    [56, 27, 17],
    [61, 19, 20],
    [54, 24, 22],
    [55, 26, 19],
    [56, 21, 23],
    [62, 21, 17],
    [58, 19, 23],
    [56, 22, 22],
    [50, 25, 25],
    [55, 25, 20],
    [41, 35, 24],
    [27, 51, 22],
    [27, 48, 25],
    [22, 58, 20],
    [20, 57, 23],
    [26, 52, 22],
    [24, 55, 21],
    [28, 54, 18],
    [28, 52, 20],
    [21, 60, 19],
    [32, 48, 20],
    [17, 61, 22],
    [21, 55, 24],
    [16, 64, 20],
    [25, 59, 16],
    [27, 53, 20],
    [19, 63, 18],
    [27, 34, 39],
    [29, 22, 49],
    [18, 23, 59],
    [18, 25, 57],
    [22, 24, 54],
    [15, 16, 69],
    [20, 21, 59],
    [25, 20, 55],
    [21, 19, 60],
    [20, 21, 59],
    [16, 22, 62],
    [23, 16, 61],
    [19, 22, 59],
    [25, 22, 53],
    [19, 24, 57],
    [18, 25, 57],
    [30, 13, 57]
  ],
  "X": [
    [39, 23, 38],
    [38, 21, 41],
    [39, 22, 39],
    [33, 25, 42],
    [38, 17, 45],
    [42, 15, 43],
    [28, 34, 38],
    [32, 19, 49],
    [49, 20, 31],
    [32, 19, 49],
    [40, 18, 42],
    [32, 30, 38],
    [39, 21, 40],
    [37, 21, 42],
    [43, 20, 37],
    [42, 21, 37],
    [40, 24, 36],
    [39, 23, 38],
    [47, 21, 32],
    [37, 23, 40],
    [43, 21, 36],
    [35, 23, 42],
    [48, 17, 35],
    [39, 26, 35],
    [40, 21, 39],
    [47, 22, 31],
    [34, 26, 40],
    [50, 18, 32],
    [40, 18, 42],
    [35, 26, 39],
    [39, 16, 45],
    [43, 18, 39],
    [40, 14, 46],
    [38, 20, 42],
    [44, 21, 35],
    [59, 14, 27],
    [57, 18, 25],
    [51, 18, 31],
    [54, 18, 28],
    [52, 21, 27],
    [47, 25, 28],
    [51, 22, 27],
    [54, 16, 30],
    [53, 21, 26],
    [57, 16, 27],
    [52, 17, 31],
    [47, 17, 36],
    [49, 19, 32],
    [41, 22, 37],
    [49, 19, 32]
  ],
  "real_prob": [
    [0.27746648586, 0.24998664197, 0.47254687217],
    [0.43013805312, 0.1837054953, 0.38615645157],
    [0.60081289549, 0.16598554771, 0.23320155681]
  ],
  "method": "exact",
  "prob": [
    [0.2662765743, 0.24479949773, 0.48892392797],
    [0.37980854273, 0.21158346839, 0.40860798888],
    [0.64644424364, 0.15978967316, 0.1937660832]
  ],
  "iterations": 24,
  "logLik": -272.6534876986,
  "time": 46.226166,
  "message": "Converged",
  "status": 0,
  "cond_prob": [
    [
      [0.26226882477, 0.37480702098, 0.64100437945, 0.26300108701, 0.22782076749, 0.1712541488, 0.47473008822, 0.39737221153, 0.18774147175, 0.2700125972, 0.38442256048, 0.65405516445, 0.23614503738, 0.20376939461, 0.1523645325, 0.49384236542, 0.41180804491, 0.19358030305, 0.28272996848, 0.39942261037, 0.66573341556, 0.24757189357, 0.21196225799, 0.15527819172, 0.46969813795, 0.38861513164, 0.17898839272, 0.22741024584, 0.33170511237, 0.59673875152, 0.27505874231, 0.24319268538, 0.19214974875, 0.49753101185, 0.42510220225, 0.21111149973, 0.25263246319, 0.36387105087, 0.64196512716, 0.19158866479, 0.16726463323, 0.1296484482, 0.55577887202, 0.4688643159, 0.22838642464, 0.30238666246, 0.4232738291, 0.69811779671, 0.170829011, 0.14491014079],
      [0.1050600564, 0.52678432654, 0.4318160301, 0.19682214688, 0.19627006044, 0.29094921334, 0.53842634443, 0.36688196894, 0.32967789648, 0.26784156084, 0.43684797062, 0.37937289018, 0.19373209472, 0.22421934118, 0.32837070573, 0.60417883895, 0.20606487215, 0.18291444477, 0.14773341743, 0.56971578667, 0.4887148495, 0.24808774362, 0.37719206015, 0.50517999691, 0.75033221936, 0.23488984961, 0.19061444003, 0.12460007092, 0.38791809024, 0.30420556306, 0.12506770972, 0.22117898883, 0.32449013195, 0.59991643072, 0.20689044844, 0.18398622721, 0.1493359699, 0.57193056272, 0.49152364084, 0.25074759938, 0.28548391298, 0.40318063894, 0.67591771545, 0.20344138498, 0.17412185375, 0.12829232662, 0.51107470204, 0.42269750731, 0.19578995793, 0.23595038463],
      [0.34190753765, 0.59947163895, 0.32630429906, 0.2865643633, 0.22066363702, 0.43774531631, 0.37152809905, 0.17986472404, 0.27942688423, 0.39565413767, 0.66416574342, 0.23631591885, 0.20278451529, 0.14959873548, 0.48425719691, 0.40156134704, 0.1862355211, 0.26089670817, 0.37347613143, 0.64424133869, 0.23449620481, 0.20345055637, 0.15419546774, 0.50460708702, 0.4230733122, 0.20156319357, 0.3035454614, 0.42386734992, 0.68904172727, 0.23180667747, 0.19616820791, 0.14021843715, 0.46464786113, 0.37996444217, 0.17073983558, 0.31284732258, 0.43443599567, 0.69662486833, 0.23889483124, 0.20103260314, 0.14174846017, 0.44825784619, 0.36453140119, 0.1616266715, 0.26963535379, 0.38349122829, 0.64678156267, 0.27740280518, 0.23915409613, 0.17733715096]
    ],
    [
      [0.45296184103, 0.37735467557, 0.17588128636, 0.25112594678, 0.36116073003, 0.62729100934, 0.2670690172, 0.23287169661, 0.17784909131, 0.48180503602, 0.40596757337, 0.19485989935, 0.31638015912, 0.43820011236, 0.69696521241, 0.25614663955, 0.21503738127, 0.15048985725, 0.42747320132, 0.34676250637, 0.15254493034, 0.2339949185, 0.33998662939, 0.60664436443, 0.26460090157, 0.23312185295, 0.18288563471, 0.50140417993, 0.42689151766, 0.21047000086, 0.27639506372, 0.39180286513, 0.65823197448, 0.25121162537, 0.215895723, 0.15955266441, 0.47239331091, 0.39230141186, 0.18221536111, 0.21639735307, 0.31780344544, 0.58399498443, 0.26096228733, 0.23240729104, 0.18771824523, 0.5226403596, 0.44978926352, 0.22828677034, 0.33043842328, 0.45463133427],
      [0.71736925983, 0.20725375276, 0.17283210869, 0.12000685503, 0.46230782396, 0.37253655704, 0.16262388514, 0.26243389863, 0.37454147711, 0.63481172637, 0.30117089229, 0.26057786136, 0.19422280568, 0.43639520908, 0.36488066153, 0.17096546795, 0.26473329371, 0.37793854886, 0.64673316178, 0.24409929992, 0.21126549675, 0.15897068856, 0.49116740637, 0.41079595439, 0.19429614967, 0.32459012355, 0.4472987951, 0.70240419469, 0.26801531285, 0.22386837279, 0.15471452961, 0.4073945636, 0.3288328321, 0.1428812757, 0.21853101689, 0.32023827093, 0.58177852274, 0.29266696252, 0.26004597662, 0.20762251607, 0.48880202059, 0.41971575244, 0.2105989612, 0.33956811266, 0.46454799707, 0.72226883016, 0.22481615838, 0.18641841937, 0.12757280571, 0.43561572896],
      [0.34903358356, 0.15015836413, 0.24728223015, 0.35702237885, 0.63211843042, 0.21050543148, 0.18428880134, 0.14347924439, 0.54221233837, 0.45868881981, 0.22440232519, 0.21371680804, 0.31401132568, 0.57419031138, 0.2976301737, 0.26520971671, 0.21322476757, 0.48865301826, 0.42077895761, 0.21258492104, 0.26067133887, 0.37367573286, 0.65227176808, 0.18401800848, 0.15992859041, 0.12273518461, 0.55531065266, 0.46639567672, 0.22499304731, 0.2895749287, 0.40781293396, 0.67836957127, 0.212417448, 0.18134329566, 0.13267671169, 0.4980076233, 0.41084377038, 0.18895371704, 0.2579630285, 0.3706035018, 0.65281565807, 0.16274891782, 0.14176669791, 0.10980381073, 0.57928805368, 0.48762980029, 0.2373805312, 0.20349559553, 0.30145458551, 0.57067084649]
    ],
    [
      [0.23061049945, 0.2072275839, 0.17250714518, 0.56589390502, 0.49131783058, 0.25682200833, 0.23338028089, 0.33931877328, 0.60748895596, 0.25476094918, 0.22465229088, 0.17693024642, 0.51185876993, 0.43602893583, 0.21558079763, 0.33194902856, 0.45657403272, 0.72074092768, 0.19622358545, 0.16358719853, 0.11365203213, 0.47182738599, 0.37983876875, 0.16560704019, 0.32199061956, 0.44469983291, 0.70327496536, 0.24950591333, 0.20887567583, 0.14538599411, 0.42850346712, 0.34642449126, 0.15133904053, 0.27452325702, 0.38981702444, 0.65934962516, 0.23294299723, 0.20057152426, 0.14928773108, 0.49253374574, 0.4096114513, 0.19136264375, 0.25878168635, 0.37076249365, 0.64037789575, 0.24159011049, 0.20995481422, 0.15966480167, 0.49962820316, 0.41928269213],
      [0.19995730259, 0.273328091, 0.38788272267, 0.6506423899, 0.27794218541, 0.23918069315, 0.1765824023, 0.44872972359, 0.37293658418, 0.1727752078, 0.24636867596, 0.35479864013, 0.61354200543, 0.31636378047, 0.27631130877, 0.2102668966, 0.43726754357, 0.3688900511, 0.17619109798, 0.2638788198, 0.37642563899, 0.63844096072, 0.28877426507, 0.24981705513, 0.18648693977, 0.44734691513, 0.37375730587, 0.17507209951, 0.28593103638, 0.40357309486, 0.67468380136, 0.21298532879, 0.18227704809, 0.13410975279, 0.50108363483, 0.41414985705, 0.19120644585, 0.27148314656, 0.3856266, 0.64794329766, 0.2820542115, 0.2429659164, 0.17970778154, 0.44646264194, 0.37140748361, 0.1723489208, 0.3144890214, 0.43658595524, 0.70133405285, 0.21992261516],
      [0.18506873913, 0.13083082009, 0.46558836344, 0.37834530564, 0.16783512706, 0.26721654485, 0.38118089453, 0.65316789777, 0.22214758579, 0.19217972359, 0.14493630426, 0.51063586937, 0.42663938189, 0.20189579798, 0.24262928495, 0.3512847188, 0.62652837854, 0.21028780412, 0.18466158547, 0.14491037768, 0.54708291093, 0.46405369573, 0.22856124378, 0.24739029448, 0.35682435345, 0.62694385828, 0.24185709883, 0.21159037224, 0.16362361734, 0.51075260668, 0.43158527432, 0.20943252438, 0.18583256313, 0.27797847967, 0.53869389249, 0.2593064206, 0.2354092204, 0.20082901613, 0.55486101627, 0.48661229993, 0.26047709138, 0.25786533335, 0.36968693617, 0.63961596192, 0.24043068821, 0.2090274115, 0.15911794744, 0.50170397845, 0.42128565233, 0.20126609064]
    ]
  ],
  "maxiter": 3600,
  "param_threshold": 0.001,
  "ll_threshold": "-Inf",
  "initial_prob": "group_proportional"
}
