{
  "W": [
    [53, 19, 28],
    [55, 24, 21],
    [58, 24, 18],
    [61, 23, 16],
    [58, 24, 18],
    [48, 29, 23],
    [65, 13, 22],
    [55, 23, 22],
    [59, 18, 23],
    [60, 21, 19],
    [56, 22, 22],
    [61, 20, 19],
    [58, 20, 22],
    [53, 23, 24],
    [57, 21, 22],
    [53, 28, 19],
    [41, 36, 23],
    [16, 61, 23],
    [17, 55, 28],
    [29, 46, 25],
    [19, 66, 15],
    [22, 56, 22],
    [28, 54, 18],
    [20, 57, 23],
    [25, 58, 17],
    [21, 50, 29],
    [21, 53, 26],
    [28, 51, 21],
    [16, 69, 15],
    [26, 52, 22],
    [22, 55, 23],
    [25, 55, 20],
    [23, 53, 24],
    [19, 35, 46],
    [27, 24, 49],
    [20, 21, 59],
    [22, 28, 50],
    [19, 29, 52],
    [21, 17, 62],
    [23, 24, 53],
    [27, 21, 52],
    [18, 26, 56],
    [17, 20, 63],
    [23, 18, 59],
    [23, 26, 51],
    [19, 17, 64],
    [20, 17, 63],
    [25, 20, 55],
    [22, 23, 55],
    [13, 22, 65]
  ],
  "X": [
    [36, 41, 23],
    [38, 48, 14],
    [38, 50, 12],
    [38, 47, 15],
    [39, 43, 18],
    [37, 47, 16],
    [32, 47, 21],
    [27, 54, 19],
    [37, 36, 27],
    [37, 48, 15],
    [43, 36, 21],
    [36, 50, 14],
    [29, 49, 22],
    [28, 49, 23],
    [35, 48, 17],
    [36, 52, 12],
    [38, 45, 17],
    [34, 51, 15],
    [32, 44, 24],
    [41, 41, 18],
    [30, 56, 14],
    [37, 47, 16],
    [36, 48, 16],
    [41, 45, 14],
    [38, 52, 10],
    [32, 47, 21],
    [32, 48, 20],
    [41, 43, 16],
    [34, 53, 13],
    [33, 49, 18],
    [31, 49, 20],
    [37, 46, 17],
    [34, 46, 20],
    [36, 33, 31],
    [31, 37, 32],
    [43, 20, 37],
    [35, 37, 28],
    [36, 36, 28],
    [35, 21, 44],
    [45, 26, 29],
    [40, 23, 37],
    [41, 30, 29],
    [32, 29, 39],
    [36, 27, 37],
    [34, 33, 33],
    [40, 25, 35],
    [38, 26, 36],
    [45, 29, 26],
    [39, 33, 28],
    [37, 26, 37]
  ],
  "real_prob": [
    [0.3554296864, 0.57409115547, 0.070479158132],
    [0.30418310908, 0.63089417318, 0.064922717745],
    [0.3897626476, 0.034705152865, 0.57553219953]
  ],
  "method": "exact",
  "prob": [
    [0.3590082557, 0.54541191042, 0.095579833878],
    [0.33448749409, 0.61772407354, 0.047788432368],
    [0.39252256008, 0.064257091677, 0.54322034824]
  ],
  "iterations": 33,
  "logLik": -265.0915495881,
  "time": 61.083716,
  "message": "Converged",
  "status": 0,
  "cond_prob": [
    [
      [0.36442909076, 0.34185183762, 0.36393118838, 0.52735439198, 0.60319785756, 0.056766354685, 0.10821651725, 0.054950304813, 0.57930245693, 0.36644357346, 0.33506491703, 0.4668593072, 0.56719817755, 0.63207780632, 0.077820613478, 0.066358248992, 0.032857276651, 0.45532007933, 0.36632665275, 0.33374445024, 0.4857326297, 0.57328841462, 0.63646648583, 0.08189312734, 0.060384932629, 0.02978906393, 0.43237424296, 0.38123038413, 0.35496448052, 0.41129771976, 0.5283063082, 0.59946021522, 0.061608140627, 0.090463307677, 0.045575304258, 0.52709413961, 0.39831984157, 0.37692533182, 0.38062451251, 0.49119605259, 0.56651889685, 0.05078752362, 0.11048410584, 0.05655577133, 0.56858796387, 0.36132849013, 0.3319053383, 0.4361294636, 0.56314846561, 0.6305323959],
      [0.073192789989, 0.075523044261, 0.037562265796, 0.49067774641, 0.32020062943, 0.29767175067, 0.33260119673, 0.57179110748, 0.6479828961, 0.064081834764, 0.10800826309, 0.054345353225, 0.60331696851, 0.26255384201, 0.23853582039, 0.32150976457, 0.64772611072, 0.71733463666, 0.085289421231, 0.089720047268, 0.044129542946, 0.5932008142, 0.39454429108, 0.38743106146, 0.29339685739, 0.43686683675, 0.52305854582, 0.035208817683, 0.16858887216, 0.089510392716, 0.67139432493, 0.36347101408, 0.33462828779, 0.4297129006, 0.55823640842, 0.62635189812, 0.071180296535, 0.078292577495, 0.03901981409, 0.49910680286, 0.44697840478, 0.43101326378, 0.3857689786, 0.42899596519, 0.50429256981, 0.040081336991, 0.12402563004, 0.064694166409, 0.5741496844, 0.34806263202],
      [0.31773122651, 0.44281867981, 0.58238553347, 0.64789114907, 0.079824182985, 0.069551834505, 0.034377624412, 0.47735713721, 0.29324848752, 0.27264344799, 0.29721448928, 0.58983419165, 0.66853722781, 0.064494196735, 0.11691732083, 0.058819324195, 0.63829131399, 0.28311553281, 0.26264869752, 0.28974819659, 0.60003331526, 0.67868990962, 0.066181932078, 0.11685115193, 0.058661392865, 0.64406987133, 0.342027086, 0.3142026303, 0.4048273119, 0.57609606484, 0.64507371983, 0.073453463085, 0.08187684917, 0.040723649862, 0.52171922501, 0.34332103103, 0.31073647825, 0.47912441918, 0.59952378075, 0.66124845332, 0.090014890915, 0.057155188221, 0.028015068431, 0.4308606899, 0.38063022245, 0.35347360255, 0.42039613859, 0.53259723436, 0.60291141027, 0.063421853113]
    ],
    [
      [0.086772543185, 0.043614987186, 0.51618200829, 0.33917539942, 0.31002926377, 0.42006123998, 0.58598302082, 0.65294468482, 0.078028082292, 0.07484157976, 0.037026051411, 0.50191067773, 0.33924595488, 0.32150895369, 0.30535093979, 0.52827941191, 0.61060889517, 0.051277170109, 0.13247463322, 0.067882151134, 0.64337189011, 0.41970282253, 0.39496783377, 0.42640391172, 0.48511666578, 0.55656482288, 0.053185393597, 0.095180511689, 0.048467343347, 0.52041069468, 0.31161141896, 0.28760550735, 0.33982797029, 0.5894243523, 0.66303010803, 0.069396678422, 0.098964228743, 0.049364384615, 0.59077535129, 0.37725909311, 0.35055438516, 0.41223883558, 0.53394555178, 0.60480685343, 0.062909730388, 0.088795355107, 0.044638761409, 0.52485143403, 0.37214946285, 0.34885681734],
      [0.37453038355, 0.52369765666, 0.59835480161, 0.056961462597, 0.10415288049, 0.052788381056, 0.56850815385, 0.41170385588, 0.38131978624, 0.47959543769, 0.51582708255, 0.58235206428, 0.064756116745, 0.072469061577, 0.036328149483, 0.45564844556, 0.37749131438, 0.34380771699, 0.50716879735, 0.56625230213, 0.62846164287, 0.081936303542, 0.056256383498, 0.027730640134, 0.41089489911, 0.32207748052, 0.29713818472, 0.35791254044, 0.58229643844, 0.65511111176, 0.06952480016, 0.095626081034, 0.047750703515, 0.5725626594, 0.32670755301, 0.3027487441, 0.34974838267, 0.57223697263, 0.64658419064, 0.065925441183, 0.10105547436, 0.050667065256, 0.58432617615, 0.4212376255, 0.39642890189, 0.42797488044, 0.48418695004, 0.55542617172, 0.053144316237, 0.094575424453],
      [0.048144926383, 0.51888080332, 0.35324722242, 0.3276154253, 0.38283867302, 0.5535519298, 0.62566787201, 0.064805730294, 0.093200847785, 0.046716702684, 0.55235559668, 0.33824007093, 0.31422972526, 0.35753692919, 0.56064062437, 0.63495597093, 0.06389242174, 0.1011193047, 0.050814303811, 0.57857064907, 0.3221864737, 0.30100799574, 0.31984599188, 0.56249008446, 0.64073089075, 0.060218223943, 0.11532344184, 0.058261113516, 0.61993578418, 0.38360608486, 0.36096167039, 0.37784780037, 0.50990188719, 0.58485567627, 0.05426953127, 0.10649202796, 0.054182653342, 0.56788266837, 0.35326658815, 0.33169342757, 0.34562986714, 0.53359977554, 0.61085825054, 0.056321578495, 0.11313363631, 0.05744832189, 0.59804855437, 0.37212835722, 0.35032628748, 0.36235089459]
    ],
    [
      [0.51547102532, 0.5923710601, 0.053762248159, 0.11240061746, 0.057302652413, 0.58388685726, 0.29038669285, 0.26546845367, 0.34261870214, 0.61729567406, 0.68879208914, 0.077591972672, 0.092317633089, 0.045739457193, 0.57978932518, 0.4765973528, 0.46222104688, 0.40273577897, 0.39822313617, 0.47202418934, 0.035983547465, 0.12517951103, 0.065754763779, 0.56128067356, 0.31000441051, 0.28118462089, 0.40613467168, 0.61702985903, 0.68293465132, 0.086063457289, 0.072965730457, 0.035880727799, 0.50780187103, 0.31414569007, 0.28461244856, 0.41879751693, 0.61605156913, 0.68109824181, 0.087368676421, 0.0698027408, 0.034289309628, 0.49383380665, 0.39959123973, 0.38694422411, 0.32307309929, 0.45183372388, 0.53514469714, 0.038935999145, 0.14857503639, 0.077911078749],
      [0.63799090157, 0.44985092919, 0.42408715656, 0.46179880889, 0.46063206007, 0.53018259762, 0.050586420292, 0.089517010743, 0.045730245818, 0.48761477082, 0.44971414387, 0.43891759316, 0.35847016652, 0.40718666182, 0.48547436994, 0.03482689158, 0.14309919431, 0.075608036901, 0.6067029419, 0.37403913631, 0.34387635144, 0.45225911445, 0.55156271847, 0.61904086885, 0.071014437097, 0.074398145218, 0.037082779711, 0.47672644846, 0.29244702419, 0.26739045871, 0.34413637166, 0.61461302153, 0.68653462074, 0.076522003479, 0.092939954281, 0.046074920549, 0.57934162486, 0.35649631067, 0.33250328971, 0.36975467186, 0.53977806484, 0.6150640306, 0.059558507759, 0.10372562449, 0.052432679695, 0.57068682038, 0.33324103677, 0.30883009289, 0.35893870077, 0.56625287653],
      [0.6406997114, 0.065058653792, 0.10050608669, 0.050470195717, 0.57600264544, 0.37127173731, 0.34315621989, 0.42362783208, 0.54414270402, 0.61445360922, 0.065868394795, 0.084585558671, 0.042390170889, 0.51050377313, 0.35512642201, 0.32799907233, 0.40192837032, 0.55618293899, 0.62758787129, 0.066783292193, 0.088690638997, 0.044413056374, 0.53128833749, 0.40407413436, 0.37181816035, 0.49930515334, 0.53007147176, 0.59532543844, 0.069849171584, 0.065854393879, 0.032856401205, 0.43084567507, 0.33628789913, 0.30540081322, 0.44686268209, 0.59711964791, 0.66180469443, 0.084397450436, 0.066592452953, 0.032794492344, 0.46873986747, 0.34252531447, 0.3154108623, 0.39397126063, 0.56929898642, 0.64056408173, 0.069333898129, 0.08817569911, 0.044025055962, 0.53669484124]
    ]
  ],
  "maxiter": 3600,
  "param_threshold": 0.001,
  "ll_threshold": "-Inf",
  "initial_prob": "group_proportional"
}
