{
  "W": [
    [44, 26, 30],
    [45, 30, 25],
    [44, 28, 28],
    [50, 28, 22],
    [46, 27, 27],
    [48, 27, 25],
    [45, 30, 25],
    [56, 23, 21],
    [41, 30, 29],
    [37, 29, 34],
    [37, 36, 27],
    [44, 29, 27],
    [45, 27, 28],
    [41, 31, 28],
    [42, 34, 24],
    [48, 28, 24],
    [37, 32, 31],
    [31, 37, 32],
    [31, 38, 31],
    [21, 50, 29],
    [27, 48, 25],
    [34, 35, 31],
    [29, 43, 28],
    [23, 51, 26],
    [25, 44, 31],
    [35, 43, 22],
    [26, 45, 29],
    [25, 43, 32],
    [31, 43, 26],
    [19, 46, 35],
    [18, 52, 30],
    [29, 43, 28],
    [22, 39, 39],
    [27, 31, 42],
    [31, 24, 45],
    [35, 22, 43],
    [24, 34, 42],
    [31, 30, 39],
    [18, 33, 49],
    [26, 30, 44],
    [27, 27, 46],
    [27, 25, 48],
    [39, 20, 41],
    [29, 33, 38],
    [27, 29, 44],
    [31, 27, 42],
    [29, 24, 47],
    [28, 23, 49],
    [34, 29, 37],
    [28, 31, 41]
  ],
  "X": [
    [33, 24, 43],
    [38, 26, 36],
    [33, 27, 40],
    [24, 25, 51],
    [36, 30, 34],
    [28, 23, 49],
    [41, 24, 35],
    [22, 25, 53],
    [23, 34, 43],
    [21, 41, 38],
    [31, 26, 43],
    [27, 30, 43],
    [27, 22, 51],
    [34, 23, 43],
    [31, 31, 38],
    [24, 27, 49],
    [23, 33, 44],
    [28, 32, 40],
    [34, 31, 35],
    [29, 31, 40],
    [28, 31, 41],
    [32, 32, 36],
    [25, 29, 46],
    [32, 32, 36],
    [28, 30, 42],
    [37, 28, 35],
    [29, 32, 39],
    [26, 37, 37],
    [30, 38, 32],
    [21, 33, 46],
    [27, 35, 38],
    [25, 27, 48],
    [26, 39, 35],
    [26, 38, 36],
    [22, 35, 43],
    [26, 34, 40],
    [32, 38, 30],
    [32, 41, 27],
    [28, 38, 34],
    [29, 34, 37],
    [30, 37, 33],
    [30, 45, 25],
    [32, 40, 28],
    [29, 29, 42],
    [23, 39, 38],
    [18, 31, 51],
    [27, 40, 33],
    [18, 46, 36],
    [31, 27, 42],
    [20, 35, 45]
  ],
  "real_prob": [
    [0.4022225425, 0.00029062443805, 0.59748683306],
    [0.22403826998, 0.37700088478, 0.39896084524],
    [0.19499595877, 0.62498694443, 0.1800170968]
  ],
  "method": "exact",
  "prob": [
    [0.3592376997, 0.08798277928, 0.55277952102],
    [0.34123098361, 0.23661411151, 0.42215490488],
    [0.14304844233, 0.64459602824, 0.21235552943]
  ],
  "iterations": 76,
  "logLik": -287.9432698195,
  "time": 296.259364,
  "message": "Converged",
  "status": 0,
  "cond_prob": [
    [
      [0.3914320282, 0.38953691427, 0.18830103294, 0.06170950688, 0.17403794037, 0.55865984159, 0.54685846491, 0.43642514536, 0.25303912548, 0.45451684191, 0.42957187814, 0.1863834308, 0.081553206254, 0.2187921826, 0.63065360962, 0.46392995184, 0.35163593926, 0.18296295958, 0.39975756683, 0.38345208908, 0.16692887733, 0.0792946453, 0.21582487773, 0.62385496537, 0.52094778787, 0.40072303319, 0.20921615729, 0.27920706876, 0.27080900104, 0.11168156969, 0.085227250683, 0.23480633151, 0.64382091743, 0.63556568056, 0.49438466745, 0.24449751288, 0.44764207487, 0.40898094992, 0.16170292252, 0.10000185536, 0.25958816238, 0.68114941738, 0.45235606976, 0.33143088771, 0.15714766011, 0.32429158826, 0.32307733887, 0.14843662457, 0.067607440497, 0.19106461562],
      [0.58384392938, 0.60810097124, 0.48585804551, 0.26771944606, 0.4835105182, 0.4633287536, 0.21368656292, 0.07165883378, 0.19481579853, 0.59723514096, 0.44483064802, 0.34185544787, 0.18907829612, 0.25572501629, 0.24538948264, 0.096925761296, 0.092821849823, 0.2532449064, 0.6655877887, 0.65145313389, 0.50136561096, 0.23748645001, 0.29388045835, 0.26974745848, 0.098568188042, 0.11246405247, 0.29332701079, 0.70997115604, 0.59365548918, 0.43692553073, 0.19146065592, 0.29105690346, 0.25428675982, 0.0840170158, 0.13964208406, 0.34695835937, 0.7579838373, 0.56930101249, 0.3987548808, 0.1579991469, 0.36808382992, 0.36054344832, 0.16301237606, 0.071849070897, 0.19953552894, 0.59845575314, 0.56006709918, 0.43992102274, 0.2385318708, 0.33262166131],
      [0.31211295497, 0.12271745216, 0.097092912311, 0.25876985338, 0.67494763371, 0.57028542638, 0.42911719165, 0.20233491412, 0.31142173745, 0.31823630284, 0.15691577278, 0.056586852983, 0.16384181372, 0.53678080877, 0.63199140957, 0.51792188344, 0.30630341845, 0.39668474816, 0.39623184927, 0.19474064279, 0.059377069296, 0.16805511284, 0.54842255931, 0.54393818254, 0.43571303789, 0.2568367979, 0.38215722128, 0.34743454616, 0.13069258903, 0.10900223243, 0.28159735632, 0.70198317179, 0.50884054629, 0.37096809752, 0.16732423917, 0.28525637883, 0.27366117947, 0.11021586628, 0.090221840232, 0.24585772544, 0.65772230652, 0.62452178093, 0.48048109509, 0.23206182719, 0.2925749703, 0.27622889556, 0.10759359487, 0.097892189366, 0.26234899658, 0.67686519687]
    ],
    [
      [0.60953284034, 0.46142210786, 0.21554120826, 0.35432635268, 0.3380994605, 0.14081884464, 0.08651615152, 0.23410805493, 0.64550003971, 0.5591574958, 0.42779248457, 0.21368111566, 0.42820134241, 0.40462262486, 0.17258382712, 0.084367176207, 0.22607287113, 0.63851123983, 0.48743148138, 0.36930450402, 0.18890493305, 0.35709861788, 0.34428292983, 0.14782008735, 0.081033872356, 0.22139573812, 0.6285690267, 0.56186750976, 0.43432133205, 0.22361088595, 0.34195879815, 0.32314257926, 0.13025074581, 0.092708635224, 0.24851094784, 0.66273365411, 0.56533256662, 0.4283464729, 0.20701560008, 0.40676863532, 0.38080396811, 0.15618475856, 0.091261332132, 0.24240323751, 0.65848391595, 0.50197003255, 0.37679279437, 0.18533132549, 0.30136590865, 0.29525254798],
      [0.12730461021, 0.078291069872, 0.21742460659, 0.6207250318, 0.62034302148, 0.48732284543, 0.25197035799, 0.39744583795, 0.37134637924, 0.15077232254, 0.093263713589, 0.24713598042, 0.66349998408, 0.50929044846, 0.38151764034, 0.18572769338, 0.34404196288, 0.33623520722, 0.14853554226, 0.075427168405, 0.20886015035, 0.61046690885, 0.58053086871, 0.45490464242, 0.24099754889, 0.44343931493, 0.41241604645, 0.17026063547, 0.091078921718, 0.24042901503, 0.6578995497, 0.46548176336, 0.34715493852, 0.17183981482, 0.36250549686, 0.34372086663, 0.14163510632, 0.089000495286, 0.23929945014, 0.65232799539, 0.54849400785, 0.41697968323, 0.2060368983, 0.34373127411, 0.31597753646, 0.11936512748, 0.10707257935, 0.27929429176, 0.69729784284, 0.54919614655],
      [0.40472817178, 0.18333702968, 0.39543110741, 0.34199873794, 0.11675730534, 0.13532972586, 0.33262984485, 0.75006519884, 0.46923916674, 0.32537141721, 0.13317749582, 0.26430567934, 0.26147413153, 0.11286805835, 0.077183628613, 0.21624188447, 0.61675383916, 0.65851069204, 0.522283984, 0.27037810249, 0.3456745793, 0.32484456933, 0.12953133224, 0.095350665161, 0.25403818648, 0.669123411, 0.55897475554, 0.42111724418, 0.20134525676, 0.29553828909, 0.29504148503, 0.13366449143, 0.069538583424, 0.19669247436, 0.59020016726, 0.63492312749, 0.50826604061, 0.2761353413, 0.35900674089, 0.33364406897, 0.13050597463, 0.099894465497, 0.26325891467, 0.6803903612, 0.54109879361, 0.40309701636, 0.18910366417, 0.36010193152, 0.33919357036, 0.13719636113]
    ],
    [
      [0.092736106188, 0.24765588013, 0.66235221069, 0.54716196229, 0.41315054951, 0.20045142818, 0.29719289316, 0.29285804819, 0.1279650479, 0.075935610543, 0.21192961905, 0.61243744924, 0.6268714963, 0.49521233276, 0.25959750286, 0.34838266383, 0.33869307434, 0.14779904955, 0.077670216591, 0.21396084328, 0.61800939226, 0.57394711958, 0.44734608238, 0.23419155819, 0.44604553891, 0.41460513562, 0.17138886798, 0.091353097807, 0.24070833491, 0.65770100633, 0.46260136328, 0.34468652947, 0.17091012569, 0.45831178437, 0.40261130406, 0.14651270674, 0.12055780372, 0.30082514845, 0.72405009311, 0.42113041191, 0.29656354749, 0.12943720015, 0.39346835565, 0.38110152086, 0.17022896755, 0.075324797436, 0.20649458937, 0.60877208565, 0.53120684691, 0.41240388977],
      [0.2209989468, 0.38714460988, 0.3782467463, 0.17242813077, 0.071478612544, 0.19771788727, 0.59568226036, 0.54137677757, 0.42403536643, 0.23188960887, 0.41816436087, 0.39847254332, 0.17284355624, 0.081150520747, 0.21906675613, 0.62813333748, 0.50068511838, 0.38246070055, 0.19902310628, 0.46376359801, 0.40932185916, 0.1509445078, 0.11751867293, 0.294480981, 0.71802023554, 0.41871772906, 0.29619715983, 0.13103525666, 0.45748857047, 0.40382942999, 0.14832578419, 0.11786664416, 0.29565513613, 0.71927068671, 0.42464478537, 0.30051543388, 0.13240352909, 0.36166497748, 0.36148234119, 0.17323153668, 0.062608306611, 0.17713597729, 0.56154925941, 0.5757267159, 0.46138168152, 0.26521920391, 0.3230493153, 0.30612060383, 0.12273115854, 0.093250982177],
      [0.25050892485, 0.66403328774, 0.58369970252, 0.44337047132, 0.21323555372, 0.22941758965, 0.23457099588, 0.1084437579, 0.064484998596, 0.186606735, 0.5705376952, 0.70609741175, 0.57882226912, 0.32101854689, 0.39044775374, 0.3647514553, 0.14729745137, 0.094109831789, 0.24927326591, 0.66570758503, 0.51544241447, 0.38597527879, 0.1869949636, 0.27854362516, 0.25285391617, 0.08949262089, 0.12015451002, 0.30968487864, 0.72475350022, 0.60130186481, 0.43746120519, 0.18575387889, 0.38080177191, 0.38212699585, 0.18840694258, 0.058765106231, 0.16692975372, 0.54489252785, 0.56043312186, 0.45094325043, 0.26670052958, 0.26499431232, 0.26022890644, 0.11007471111, 0.080770934806, 0.22471737321, 0.62858964039, 0.65423475288, 0.51505372035, 0.2613356485]
    ]
  ],
  "maxiter": 3600,
  "param_threshold": 0.001,
  "ll_threshold": "-Inf",
  "initial_prob": "group_proportional"
}
