{
  "W": [
    [44, 28, 28],
    [52, 30, 18],
    [41, 26, 33],
    [49, 31, 20],
    [38, 31, 31],
    [46, 26, 28],
    [48, 22, 30],
    [44, 31, 25],
    [38, 27, 35],
    [38, 32, 30],
    [53, 31, 16],
    [43, 28, 29],
    [40, 34, 26],
    [40, 28, 32],
    [47, 33, 20],
    [43, 25, 32],
    [44, 31, 25],
    [28, 43, 29],
    [25, 49, 26],
    [31, 45, 24],
    [25, 39, 36],
    [28, 44, 28],
    [35, 34, 31],
    [30, 39, 31],
    [33, 40, 27],
    [25, 43, 32],
    [26, 37, 37],
    [32, 49, 19],
    [28, 52, 20],
    [24, 47, 29],
    [34, 40, 26],
    [31, 39, 30],
    [24, 51, 25],
    [26, 31, 43],
    [33, 24, 43],
    [30, 26, 44],
    [27, 28, 45],
    [22, 34, 44],
    [24, 25, 51],
    [26, 32, 42],
    [34, 25, 41],
    [26, 26, 48],
    [25, 28, 47],
    [29, 23, 48],
    [26, 33, 41],
    [30, 27, 43],
    [24, 31, 45],
    [27, 35, 38],
    [28, 25, 47],
    [23, 29, 48]
  ],
  "X": [
    [32, 31, 37],
    [31, 24, 45],
    [23, 38, 39],
    [30, 37, 33],
    [30, 38, 32],
    [22, 39, 39],
    [31, 37, 32],
    [27, 34, 39],
    [30, 35, 35],
    [32, 33, 35],
    [31, 36, 33],
    [32, 32, 36],
    [31, 35, 34],
    [28, 36, 36],
    [26, 34, 40],
    [35, 34, 31],
    [36, 32, 32],
    [31, 37, 32],
    [41, 30, 29],
    [36, 35, 29],
    [34, 39, 27],
    [33, 39, 28],
    [27, 43, 30],
    [30, 35, 35],
    [34, 32, 34],
    [33, 36, 31],
    [35, 36, 29],
    [43, 20, 37],
    [42, 30, 28],
    [36, 35, 29],
    [28, 36, 36],
    [32, 34, 34],
    [45, 27, 28],
    [37, 39, 24],
    [33, 34, 33],
    [29, 38, 33],
    [28, 39, 33],
    [33, 37, 30],
    [29, 44, 27],
    [39, 34, 27],
    [28, 37, 35],
    [27, 50, 23],
    [23, 43, 34],
    [28, 41, 31],
    [28, 37, 35],
    [27, 47, 26],
    [27, 44, 29],
    [36, 32, 32],
    [27, 44, 29],
    [28, 43, 29]
  ],
  "real_prob": [
    [0.1146717572, 0.30240032288, 0.58292791992],
    [0.64983645447, 0.10654914347, 0.24361440205],
    [0.18689545479, 0.66376930555, 0.14933523966]
  ],
  "method": "exact",
  "prob": [
    [0.17595128289, 0.26544597465, 0.55860274246],
    [0.59036650167, 0.18192498876, 0.22770850957],
    [0.17800015195, 0.63999556062, 0.18200428744]
  ],
  "iterations": 74,
  "logLik": -264.6634837822,
  "time": 312.191162,
  "message": "Converged",
  "status": 0,
  "cond_prob": [
    [
      [0.1947496346, 0.62861826207, 0.2082037407, 0.23020991701, 0.15011143187, 0.59527298426, 0.57504044839, 0.22127030606, 0.19652327503, 0.17520445221, 0.60514485123, 0.20750127492, 0.19261654244, 0.13435731888, 0.55295667925, 0.63217900535, 0.26049782989, 0.23954204583, 0.12963379686, 0.50849096352, 0.13528028113, 0.26242628264, 0.20761957893, 0.66189131392, 0.6079399205, 0.28388945755, 0.20282840495, 0.17740786427, 0.58608322981, 0.15692172635, 0.32914239213, 0.21949389736, 0.70338559837, 0.4934497436, 0.19442287284, 0.13969267528, 0.17445947871, 0.58755271155, 0.16633566938, 0.29116547543, 0.19803230404, 0.6708616293, 0.53437504585, 0.2144149844, 0.16280270132, 0.12491881543, 0.49316445941, 0.12255209092, 0.29306823481, 0.23326178677],
      [0.69478766937, 0.58201294976, 0.27357375382, 0.18266023971, 0.2190132657, 0.65217944812, 0.20464717959, 0.28695514666, 0.17250512851, 0.64770133777, 0.49403158764, 0.17531542337, 0.14765148264, 0.14615905144, 0.54201741167, 0.150658479, 0.26246354188, 0.19652196495, 0.65437692975, 0.59137740668, 0.26146062339, 0.19496459124, 0.18153428744, 0.60724278655, 0.19160405259, 0.24051440852, 0.16249473753, 0.61351698751, 0.57795130404, 0.23026247592, 0.1948789599, 0.18133290609, 0.6063226985, 0.19023410722, 0.24311382463, 0.16427087064, 0.61683356012, 0.57555326928, 0.22940643086, 0.19293233266, 0.18621834342, 0.59838567207, 0.16127949777, 0.3377579658, 0.21908650485, 0.70669663513, 0.47602369078, 0.18252782307, 0.13202386709, 0.19575104094],
      [0.62891815888, 0.20596540658, 0.23710601474, 0.15388960458, 0.60329422199, 0.56714294431, 0.21719223654, 0.19074037144, 0.17083985259, 0.58322476623, 0.16679860941, 0.2803757386, 0.1933795336, 0.66192562745, 0.54878440882, 0.22339570017, 0.17127576314, 0.16340832948, 0.5745111436, 0.16804233751, 0.25821585426, 0.18327586494, 0.64186380036, 0.57837581627, 0.24221299147, 0.19009386213, 0.13441754515, 0.51513503149, 0.13414596694, 0.28142212101, 0.21779165167, 0.67930179038, 0.58416033384, 0.26707331684, 0.18655224268, 0.24079287652, 0.68318065793, 0.23644968316, 0.25513129214, 0.14631326213, 0.60536009014, 0.50407583134, 0.17050607993, 0.15819022669, 0.22559668105, 0.66388790169, 0.21972884326, 0.26376200328, 0.1568672486, 0.62126348595]
    ],
    [
      [0.51064131567, 0.17924484971, 0.15900767078, 0.14351223327, 0.53244255762, 0.14091818933, 0.28647508602, 0.21510189456, 0.68032124569, 0.5700126807, 0.25245554782, 0.17876056497, 0.19707755236, 0.62871630437, 0.20253701065, 0.24717541581, 0.15969178422, 0.61521989147, 0.55574703182, 0.21159191142, 0.18224309788, 0.17752986587, 0.58992696268, 0.16457753489, 0.30416976343, 0.20451503926, 0.68198169029, 0.5183003707, 0.20555799806, 0.15344077482, 0.18091362395, 0.59752775447, 0.17148824936, 0.29207138834, 0.19509225574, 0.6691560366, 0.52701498771, 0.20737998979, 0.15935571405, 0.15978241626, 0.55670009569, 0.14397457623, 0.32500414638, 0.22911322003, 0.70781793643, 0.51521343736, 0.21418668428, 0.14820748734, 0.14533192659, 0.52763362523],
      [0.12818836489, 0.34137018118, 0.25030177577, 0.72715429943, 0.51329789223, 0.22206459899, 0.14465733568, 0.1435354766, 0.53828524236, 0.15163907258, 0.25213400996, 0.19127509904, 0.64439518834, 0.60433051344, 0.2704396586, 0.20396573907, 0.17082964815, 0.58843463124, 0.17871245783, 0.24761624711, 0.17253737411, 0.62693218077, 0.58155410474, 0.23902799465, 0.19435536139, 0.1559348479, 0.55917867038, 0.15802956176, 0.26734509022, 0.19404369333, 0.65539043536, 0.57672006188, 0.24677763629, 0.18658000289, 0.19057114711, 0.61832732272, 0.19370376309, 0.25495778979, 0.16732589682, 0.62648754819, 0.55447106309, 0.21434678046, 0.17980868872, 0.20152275426, 0.64878656453, 0.25056474746, 0.16484008525, 0.10749866368, 0.49777277641, 0.6336371605],
      [0.24371477179, 0.25166247613, 0.19936164448, 0.62668393201, 0.1915154745, 0.27873857041, 0.17742575124, 0.64845904819, 0.52189978511, 0.19589031675, 0.16002547731, 0.16800090475, 0.57840148827, 0.16493477025, 0.27855000916, 0.19418024148, 0.6616664976, 0.55344908609, 0.22741827025, 0.17339873215, 0.12968704611, 0.50504367501, 0.13034205508, 0.279684755, 0.22032608195, 0.67991057894, 0.5906281989, 0.27463024305, 0.18974736599, 0.15862416625, 0.56675979107, 0.16596729982, 0.25161662382, 0.18184823009, 0.63692678961, 0.58975920993, 0.25139197885, 0.19710591057, 0.22097240738, 0.66396266899, 0.23338264418, 0.22683174126, 0.13806039771, 0.58059831705, 0.55219585136, 0.19797693329, 0.18601903877, 0.2394772697, 0.67870220932, 0.22636796509]
    ],
    [
      [0.27479259471, 0.15750367264, 0.62727392292, 0.48573013559, 0.16379411804, 0.14635811199, 0.21324759866, 0.65765455851, 0.23672371721, 0.2083107923, 0.12990364831, 0.55832689058, 0.57844160904, 0.21244179319, 0.20494939222, 0.17415642563, 0.5967519662, 0.18772172977, 0.23380890353, 0.16183231157, 0.60859301803, 0.59203467084, 0.24141572223, 0.2036852522, 0.15879340882, 0.57014788576, 0.17218749246, 0.23614178749, 0.17128022822, 0.61840722995, 0.60506480369, 0.25857188602, 0.20940527759, 0.17892387569, 0.60460854406, 0.19334055084, 0.23109113191, 0.15795457361, 0.60330771807, 0.5899849924, 0.23743688233, 0.20335173109, 0.18560720426, 0.60861123134, 0.18294404537, 0.27184209683, 0.18000132365, 0.64658346245, 0.54255069891, 0.21138744501],
      [0.17047249218, 0.24243923229, 0.68972354156, 0.25298634835, 0.22622018584, 0.1302655793, 0.57023277692, 0.53134058187, 0.18001087914, 0.17678087474, 0.16927922916, 0.58888594972, 0.1834721333, 0.23285465275, 0.16356915646, 0.60960275353, 0.59786611808, 0.24754489382, 0.20692511316, 0.17763382095, 0.58310693414, 0.15043209099, 0.35386089105, 0.23429303413, 0.72308329053, 0.468505288, 0.18260003173, 0.12648461848, 0.12212381409, 0.49311773616, 0.1306299582, 0.25408517954, 0.2071193968, 0.65635164683, 0.62379100637, 0.29976286704, 0.21301839497, 0.17913564426, 0.60246887164, 0.18642254726, 0.24821599685, 0.16854873511, 0.62343989966, 0.57264835889, 0.22898239325, 0.19013755307, 0.14198087168, 0.53947421326, 0.1586792268, 0.22825542351],
      [0.17533587621, 0.61656768473, 0.62976370482, 0.28518991053, 0.22475308847, 0.17023025319, 0.57347820663, 0.14905071687, 0.33758095636, 0.22943590197, 0.71343725479, 0.49218879045, 0.1970858914, 0.13751202835, 0.14916085828, 0.54387276567, 0.14577963701, 0.28750317328, 0.21173065523, 0.6785838562, 0.56333596844, 0.2443965791, 0.17563650678, 0.19762236449, 0.63606068366, 0.22110716397, 0.209722058, 0.13658943861, 0.56728616007, 0.59265557751, 0.22734987773, 0.21160667597, 0.16906704765, 0.58053572706, 0.16495169126, 0.28202457602, 0.1954396466, 0.6641983129, 0.54890837633, 0.22402462634, 0.17084999584, 0.16080415489, 0.56862403549, 0.16273765434, 0.26708082268, 0.19076178299, 0.65260519524, 0.57211502243, 0.24061418152, 0.18465715042]
    ]
  ],
  "maxiter": 3600,
  "param_threshold": 0.001,
  "ll_threshold": "-Inf",
  "initial_prob": "group_proportional"
}
