{
  "W": [
    [39, 31, 30],
    [42, 28, 30],
    [41, 34, 25],
    [43, 29, 28],
    [46, 27, 27],
    [39, 27, 34],
    [45, 29, 26],
    [42, 30, 28],
    [35, 40, 25],
    [45, 28, 27],
    [46, 30, 24],
    [44, 24, 32],
    [47, 33, 20],
    [44, 34, 22],
    [47, 25, 28],
    [46, 26, 28],
    [45, 31, 24],
    [24, 42, 34],
    [35, 37, 28],
    [26, 45, 29],
    [29, 41, 30],
    [27, 48, 25],
    [23, 42, 35],
    [27, 38, 35],
    [21, 53, 26],
    [28, 41, 31],
    [27, 46, 27],
    [28, 47, 25],
    [23, 50, 27],
    [26, 44, 30],
    [30, 44, 26],
    [31, 31, 38],
    [24, 44, 32],
    [22, 37, 41],
    [30, 23, 47],
    [25, 27, 48],
    [30, 29, 41],
    [29, 35, 36],
    [28, 25, 47],
    [28, 27, 45],
    [25, 24, 51],
    [31, 28, 41],
    [29, 29, 42],
    [34, 34, 32],
    [26, 27, 47],
    [33, 22, 45],
    [31, 35, 34],
    [38, 19, 43],
    [28, 25, 47],
    [35, 22, 43]
  ],
  "X": [
    [29, 33, 38],
    [26, 35, 39],
    [24, 43, 33],
    [28, 36, 36],
    [24, 41, 35],
    [27, 37, 36],
    [32, 34, 34],
    [27, 35, 38],
    [37, 30, 33],
    [30, 42, 28],
    [28, 35, 37],
    [26, 36, 38],
    [29, 47, 24],
    [37, 31, 32],
    [27, 37, 36],
    [24, 42, 34],
    [27, 36, 37],
    [41, 25, 34],
    [40, 35, 25],
    [35, 39, 26],
    [36, 35, 29],
    [40, 37, 23],
    [35, 27, 38],
    [32, 33, 35],
    [45, 27, 28],
    [39, 28, 33],
    [42, 32, 26],
    [42, 30, 28],
    [43, 27, 30],
    [39, 30, 31],
    [33, 33, 34],
    [31, 38, 31],
    [41, 24, 35],
    [29, 33, 38],
    [24, 42, 34],
    [26, 34, 40],
    [26, 34, 40],
    [33, 28, 39],
    [20, 39, 41],
    [25, 39, 36],
    [19, 33, 48],
    [29, 38, 33],
    [26, 30, 44],
    [29, 33, 38],
    [23, 42, 35],
    [25, 36, 39],
    [31, 30, 39],
    [19, 38, 43],
    [18, 33, 49],
    [20, 37, 43]
  ],
  "real_prob": [
    [0.091846416579, 0.59355303428, 0.31460054914],
    [0.78995539129, 0.085693031418, 0.12435157729],
    [0.031299669098, 0.35833272254, 0.61036760836]
  ],
  "method": "exact",
  "prob": [
    [0.09215857317, 0.57448332763, 0.3333580992],
    [0.79217373361, 0.1229356122, 0.084890654195],
    [0.026301347301, 0.33997756741, 0.63372108529]
  ],
  "iterations": 76,
  "logLik": -258.5923815689,
  "time": 315.110484,
  "message": "Converged",
  "status": 0,
  "cond_prob": [
    [
      [0.090198528977, 0.79824046371, 0.024560099827, 0.53257414333, 0.1091815827, 0.29483264489, 0.3772273277, 0.092577953592, 0.68060725528, 0.082083215794, 0.78154553011, 0.022307669787, 0.54061913241, 0.11902726868, 0.29870776386, 0.3772976518, 0.099427201207, 0.67898456636, 0.043565598806, 0.64405939355, 0.012631642725, 0.63634756854, 0.2221909851, 0.37421024786, 0.32008683266, 0.13374962135, 0.61315810941, 0.092434174919, 0.8033781591, 0.025977280877, 0.5551574628, 0.11173069693, 0.3174299603, 0.35240836228, 0.084891143968, 0.65659275882, 0.069456805205, 0.75062192549, 0.019933147128, 0.59843262269, 0.14985551909, 0.34911112374, 0.33211057211, 0.099522555429, 0.63095572913, 0.10016492427, 0.81849729598, 0.029239440055, 0.57539401607, 0.10835465011],
      [0.34217817119, 0.32444105965, 0.073148053913, 0.62858238876, 0.13409919587, 0.86067496534, 0.038690853498, 0.52609364999, 0.078578027915, 0.30950088233, 0.33980715414, 0.060747006742, 0.65180826417, 0.077926148242, 0.77116790598, 0.021145164085, 0.54409986687, 0.12494537677, 0.29998015316, 0.37797398489, 0.10388671725, 0.67887468276, 0.10189318297, 0.81824091848, 0.028164074263, 0.53069266868, 0.099377178921, 0.29802677757, 0.36741414834, 0.082381902596, 0.67380914816, 0.11807595517, 0.84503975315, 0.037980330712, 0.62345667842, 0.10356700365, 0.40905827291, 0.25846736641, 0.051393243195, 0.55296139638, 0.084394204271, 0.78568681095, 0.022802594787, 0.53298404027, 0.11527801633, 0.29268306907, 0.38262175546, 0.099035172717, 0.68451433615, 0.11206279177],
      [0.83546451879, 0.031815272227, 0.54013794809, 0.092918426112, 0.31262150179, 0.34779926014, 0.071617055095, 0.65556322598, 0.072554180255, 0.76109750642, 0.023686790801, 0.68746159719, 0.16851011096, 0.45642356352, 0.23998422256, 0.070392382615, 0.51988964568, 0.14641300562, 0.87169734229, 0.041823550668, 0.50375147232, 0.070065569658, 0.29330481134, 0.34983552205, 0.058237088053, 0.664871638, 0.11155118401, 0.83452497904, 0.031927495544, 0.54683773799, 0.094685947065, 0.31898134421, 0.34161107799, 0.070789073891, 0.64909116025, 0.074980624737, 0.766696684, 0.022027767078, 0.60976747588, 0.14412962236, 0.36440449742, 0.31525189938, 0.08917369364, 0.6135677355, 0.071201851862, 0.75273664599, 0.019211693361, 0.54724030572, 0.13479130258, 0.29981899427]
    ],
    [
      [0.38155784242, 0.11247205143, 0.68096931237, 0.13857547948, 0.86535847268, 0.039092136476, 0.50405351981, 0.072782241169, 0.28958415869, 0.35737100071, 0.061859286155, 0.67132370484, 0.16201938645, 0.88692593202, 0.054037928196, 0.59524581807, 0.075964100667, 0.40556159438, 0.24273479548, 0.037109967309, 0.54040047742, 0.062678749305, 0.72868565692, 0.019982688155, 0.68264137045, 0.1875436676, 0.44178825263, 0.25467988025, 0.083770675474, 0.53822905922, 0.088216176646, 0.79594292746, 0.026935695041, 0.62219787661, 0.13102549469, 0.38614054321, 0.28958594675, 0.073031577846, 0.58692376175, 0.078900193369, 0.77558513968, 0.025664322972, 0.6772762857, 0.15681211512, 0.44746235041, 0.24382352093, 0.067602745196, 0.52687332662, 0.079239430114, 0.77239519943],
      [0.021054135175, 0.52505342024, 0.11961489667, 0.2828555907, 0.39570714965, 0.1079899039, 0.69609027412, 0.07633628048, 0.76777064834, 0.021818165435, 0.58693306486, 0.13765312739, 0.34062824023, 0.33673065466, 0.094576224278, 0.63755359433, 0.091577781642, 0.79984881776, 0.026341509387, 0.57391685237, 0.1178491772, 0.33468229649, 0.33450536598, 0.082302005039, 0.63897619413, 0.11931891899, 0.84410617078, 0.033894105358, 0.53186738313, 0.087299090145, 0.30736937343, 0.34881369787, 0.068594739072, 0.65873652121, 0.10793918934, 0.82999701782, 0.033547372881, 0.61163985257, 0.10973358488, 0.38659181763, 0.28042095808, 0.060269397293, 0.57986080949, 0.10097241395, 0.81768385452, 0.02966524988, 0.57891770681, 0.10967485638, 0.34542343839, 0.32010987924],
      [0.072641289104, 0.62491131173, 0.093264064319, 0.80290107406, 0.026291585838, 0.55634042528, 0.1123332342, 0.31805587068, 0.3503955104, 0.084765691738, 0.65565254348, 0.096515710408, 0.81026055741, 0.027970900105, 0.57385568167, 0.11239852172, 0.33780724402, 0.32962860792, 0.077340920861, 0.63422185587, 0.056734809164, 0.70213875508, 0.015532711597, 0.57570105195, 0.16881629379, 0.31927121211, 0.36756413889, 0.12904495113, 0.66519607629, 0.11430070795, 0.84097055049, 0.036489236537, 0.62291226445, 0.10564056824, 0.40565426807, 0.2627870276, 0.053388881269, 0.5578564954, 0.11945168467, 0.84319002968, 0.032274945691, 0.49206071431, 0.080572415955, 0.27016739233, 0.38848760102, 0.076237554369, 0.69755766198, 0.062579868302, 0.72698212748, 0.017680589773]
    ],
    [
      [0.59403592416, 0.16133492343, 0.34053213419, 0.34338420754, 0.11168294909, 0.64178727604, 0.10704798945, 0.83279870332, 0.034770002981, 0.64357877935, 0.114188022, 0.42694281092, 0.2493732312, 0.053013274677, 0.5382871861, 0.099505243897, 0.81901844415, 0.029143143969, 0.57896957076, 0.1086663422, 0.34566186441, 0.32152518534, 0.072315213645, 0.62519499163, 0.080947490422, 0.7806792579, 0.022728702638, 0.56811036184, 0.12606158245, 0.32441227448, 0.35094214774, 0.093259159642, 0.65285902289, 0.10604058536, 0.82550961321, 0.028666293393, 0.50828084691, 0.091405136897, 0.27946321245, 0.38567856772, 0.083085249894, 0.69187049416, 0.055912787126, 0.70698426803, 0.016166707656, 0.62016407284, 0.18027947763, 0.36443444723, 0.32392314004, 0.11273625435],
      [0.61939884511, 0.085445253855, 0.7935789356, 0.026242258463, 0.63008217075, 0.13397183097, 0.39423243962, 0.28447257539, 0.072449233431, 0.57952530192, 0.055323083448, 0.70277449996, 0.014712449309, 0.55440563718, 0.16127575196, 0.29939688281, 0.39027127937, 0.13594974808, 0.68589066788, 0.11957035965, 0.84782923695, 0.037904883326, 0.61194451898, 0.099740779075, 0.39602385604, 0.26848512137, 0.052429983978, 0.56607126064, 0.08242325664, 0.78255693201, 0.021799393551, 0.51808408728, 0.11304284897, 0.27850759164, 0.39949265608, 0.10440021902, 0.69969301481, 0.073807762372, 0.76022166899, 0.020093729178, 0.55148811802, 0.13222132334, 0.30480871856, 0.37470411961, 0.10755700767, 0.67509755226, 0.067701218272, 0.74961101503, 0.021282359984, 0.66732429753],
      [0.16970074555, 0.4269712369, 0.26497448419, 0.080688239429, 0.55174640311, 0.13072215942, 0.85977467956, 0.03935835086, 0.5624527102, 0.08479789115, 0.3460779324, 0.30682513038, 0.055427429289, 0.61456371674, 0.085407592361, 0.7878058831, 0.022916433187, 0.52613224939, 0.11261868534, 0.28671312594, 0.38846015825, 0.099575431561, 0.69037044087, 0.081650954145, 0.78473960102, 0.022958402864, 0.56904608372, 0.12407299624, 0.32602004396, 0.34930296213, 0.091187402743, 0.65102155318, 0.044357885796, 0.64882053005, 0.011435445672, 0.54067937091, 0.18301918758, 0.28267016861, 0.41496274329, 0.16816028237, 0.70589438571, 0.071100087636, 0.75734374498, 0.01976591961, 0.57217853712, 0.13894357163, 0.32365099128, 0.35672137525, 0.1037126834, 0.65658308911]
    ]
  ],
  "maxiter": 3600,
  "param_threshold": 0.001,
  "ll_threshold": "-Inf",
  "initial_prob": "group_proportional"
}
