{
  "W": [
    [53, 23, 24],
    [53, 25, 22],
    [48, 26, 26],
    [59, 24, 17],
    [53, 22, 25],
    [57, 22, 21],
    [50, 27, 23],
    [60, 23, 17],
    [47, 25, 28],
    [47, 26, 27],
    [47, 32, 21],
    [54, 24, 22],
    [50, 29, 21],
    [44, 22, 34],
    [51, 27, 22],
    [52, 27, 21],
    [39, 28, 33],
    [27, 51, 22],
    [27, 50, 23],
    [18, 55, 27],
    [23, 55, 22],
    [27, 48, 25],
    [23, 52, 25],
    [21, 57, 22],
    [25, 51, 24],
    [26, 53, 21],
    [21, 48, 31],
    [22, 54, 24],
    [27, 46, 27],
    [17, 50, 33],
    [17, 56, 27],
    [26, 53, 21],
    [20, 46, 34],
    [27, 29, 44],
    [28, 22, 50],
    [29, 22, 49],
    [21, 27, 52],
    [29, 29, 42],
    [17, 24, 59],
    [22, 30, 48],
    [25, 19, 56],
    [24, 21, 55],
    [36, 19, 45],
    [24, 31, 45],
    [23, 23, 54],
    [29, 20, 51],
    [26, 24, 50],
    [25, 20, 55],
    [30, 23, 47],
    [21, 27, 52]
  ],
  "X": [
    [22, 28, 50],
    [15, 30, 55],
    [19, 35, 46],
    [24, 21, 55],
    [21, 33, 46],
    [20, 28, 52],
    [30, 23, 47],
    [20, 27, 53],
    [23, 33, 44],
    [19, 29, 52],
    [26, 31, 43],
    [21, 28, 51],
    [23, 38, 39],
    [22, 25, 53],
    [29, 19, 52],
    [19, 28, 53],
    [18, 41, 41],
    [35, 41, 24],
    [32, 36, 32],
    [37, 44, 19],
    [37, 43, 20],
    [30, 35, 35],
    [31, 46, 23],
    [36, 43, 21],
    [27, 48, 25],
    [33, 42, 25],
    [29, 46, 25],
    [32, 43, 25],
    [36, 39, 25],
    [35, 41, 24],
    [36, 43, 21],
    [34, 41, 25],
    [29, 37, 34],
    [26, 41, 33],
    [23, 44, 33],
    [21, 43, 36],
    [21, 49, 30],
    [28, 38, 34],
    [27, 44, 29],
    [22, 43, 35],
    [21, 42, 37],
    [20, 45, 35],
    [24, 39, 37],
    [28, 40, 32],
    [21, 47, 32],
    [16, 40, 44],
    [24, 41, 35],
    [18, 49, 33],
    [27, 36, 37],
    [23, 51, 26]
  ],
  "real_prob": [
    [0.084045110579, 0.085407017449, 0.83054787197],
    [0.54945601458, 0.44218272173, 0.0083612636877],
    [0.14486542919, 0.59922788946, 0.25590668136]
  ],
  "method": "exact",
  "prob": [
    [0.10039207036, 0.086475007958, 0.81313292168],
    [0.52210026744, 0.45442170402, 0.023478028536],
    [0.15144374123, 0.59743408231, 0.25112217647]
  ],
  "iterations": 43,
  "logLik": -264.0940656017,
  "time": 113.129355,
  "message": "Converged",
  "status": 0,
  "cond_prob": [
    [
      [0.10270497054, 0.55040267981, 0.16239062192, 0.079887810429, 0.42577634777, 0.58221208536, 0.81740721904, 0.023820972421, 0.25539729273, 0.049733999956, 0.41199101954, 0.093832841534, 0.066813303237, 0.54889112786, 0.57893712417, 0.88345269681, 0.039117852593, 0.32723003429, 0.083993981363, 0.45420135888, 0.12150206014, 0.096981340966, 0.52180632441, 0.64530504611, 0.81902467767, 0.023992316701, 0.23319289375, 0.10354146571, 0.6125027766, 0.18770511087, 0.06129345034, 0.36072643205, 0.51330894474, 0.83516508395, 0.026770791347, 0.29898594439, 0.11765363037, 0.50201233272, 0.14880345081, 0.11281004073, 0.48000054579, 0.65844223336, 0.7695363289, 0.017987121489, 0.19275431583, 0.09784236328, 0.51516041893, 0.14711695603, 0.088020745816, 0.46151177093],
      [0.61093135847, 0.8141368909, 0.023327810135, 0.2419516855, 0.13408945231, 0.6668682959, 0.23000362588, 0.06294543767, 0.31136915116, 0.49764178414, 0.80296511002, 0.021762552947, 0.27235458998, 0.098790092837, 0.50542941763, 0.14398340143, 0.092502846868, 0.4720380984, 0.62311487792, 0.80870706029, 0.022532483971, 0.23290172065, 0.11204591151, 0.53148445999, 0.15881180926, 0.094903017423, 0.44802030197, 0.61925180829, 0.79305107107, 0.020495238042, 0.22193638245, 0.060116754982, 0.49602383024, 0.12140344183, 0.056943614827, 0.46489303172, 0.52727523254, 0.88293963019, 0.03908313804, 0.35132132563, 0.11154046017, 0.54170628331, 0.16299987171, 0.090328225219, 0.43727263028, 0.60770710694, 0.79813131461, 0.021021086412, 0.22929302135, 0.093503751245],
      [0.52730466193, 0.14979479756, 0.07975367393, 0.44740990306, 0.58888472428, 0.82674257482, 0.025285435004, 0.26132047815, 0.13473007443, 0.4615166569, 0.13711967756, 0.15327130325, 0.52507199052, 0.71949271965, 0.71199862233, 0.013411352587, 0.1433876028, 0.072908708641, 0.60315469095, 0.16242981232, 0.043830311285, 0.35739840286, 0.44731474825, 0.88326098007, 0.039446906185, 0.39025543943, 0.10615126913, 0.69087023478, 0.22421767887, 0.043274533608, 0.27920384062, 0.42065886769, 0.85057419726, 0.029925924597, 0.35512345344, 0.064563841162, 0.48489716785, 0.12145032036, 0.064393914173, 0.48003955864, 0.55668801808, 0.87104224466, 0.035063273513, 0.32186166155, 0.072341480561, 0.41702507086, 0.10612061437, 0.097319213993, 0.55713993945, 0.65468582878]
    ],
    [
      [0.83033930545, 0.02583498969, 0.23919355686, 0.14712649479, 0.53450844531, 0.17125699681, 0.12441246449, 0.45132124754, 0.66470362884, 0.72846104072, 0.014170307152, 0.16403937435, 0.076820344362, 0.53227741171, 0.14399913551, 0.063327459728, 0.43612459303, 0.54277951895, 0.85985219591, 0.031597995262, 0.31322134554, 0.14029446483, 0.54180399744, 0.17316591755, 0.11510483357, 0.44298488337, 0.65051645966, 0.74460070161, 0.015211119194, 0.17631762279, 0.16199100221, 0.53503909556, 0.17486621333, 0.13718686527, 0.45262424398, 0.67956221271, 0.70082213252, 0.012336660451, 0.14557157396, 0.061688977034, 0.52234974694, 0.13046439068, 0.052095411237, 0.43776083517, 0.50323615234, 0.88621561173, 0.039889417891, 0.36629945698, 0.11414357871, 0.4782973028],
      [0.14012951777, 0.12077889439, 0.50468346947, 0.67914180067, 0.76507752691, 0.017019227736, 0.18072868155, 0.12686632943, 0.52257701319, 0.16131442411, 0.11217757369, 0.46088032936, 0.65336782632, 0.76095609688, 0.016542657453, 0.18531774958, 0.094637379041, 0.42784823028, 0.11724190749, 0.12272738082, 0.55338055878, 0.69622529092, 0.78263524014, 0.018771210945, 0.18653280159, 0.11751686601, 0.50501714576, 0.15136441706, 0.11133533373, 0.4773806217, 0.65733849396, 0.77114780026, 0.01760223254, 0.19129708898, 0.093042790849, 0.47738514782, 0.13327788055, 0.098091687039, 0.50052772071, 0.64241109607, 0.80886552211, 0.022087131478, 0.22431102338, 0.091498341409, 0.49372648783, 0.13857525609, 0.089895847485, 0.48293766611, 0.62265239105, 0.81860581111],
      [0.023335846057, 0.23877235286, 0.15845131992, 0.5760283693, 0.1935003472, 0.11300502393, 0.40971217096, 0.6334112774, 0.72854365615, 0.01425945974, 0.1730883754, 0.099759222311, 0.55718953856, 0.1649883725, 0.07543764614, 0.41826336519, 0.56983005321, 0.82480313155, 0.024547096243, 0.26518157429, 0.1074154745, 0.53340835351, 0.15937293099, 0.090188671732, 0.44556802602, 0.61166604161, 0.80239585377, 0.021023620465, 0.2289610274, 0.12148901425, 0.51922825515, 0.15819943364, 0.10865169127, 0.46328613689, 0.64861384628, 0.76985929448, 0.017485607962, 0.19318672007, 0.053231691884, 0.51732876227, 0.12171303229, 0.045286662598, 0.43570306141, 0.47211546833, 0.90148164552, 0.046968176318, 0.40617149938, 0.10806879752, 0.54728636896, 0.16388267653]
    ],
    [
      [0.085778099475, 0.43058175732, 0.5953890989, 0.80615310301, 0.022131873719, 0.24072822457, 0.11684887856, 0.53170527404, 0.16061430743, 0.099519133396, 0.44888303282, 0.62676075086, 0.78363198804, 0.019411693136, 0.21262494171, 0.095764960737, 0.50783832777, 0.14388516179, 0.089302121682, 0.46868329885, 0.61426950809, 0.81493291758, 0.023478373373, 0.24184533012, 0.086808591894, 0.46644768765, 0.12659484622, 0.09586461707, 0.50979182487, 0.63889353404, 0.81732679104, 0.023760487479, 0.23451161974, 0.11870919553, 0.58220134275, 0.18270462833, 0.081526512268, 0.39650228759, 0.5746944001, 0.7997642922, 0.021296369662, 0.24260097157, 0.11706055164, 0.58836412505, 0.18456324781, 0.078415135008, 0.38962761329, 0.56467593196, 0.80452431335, 0.022008261652],
      [0.25076082023, 0.067655717872, 0.48596923687, 0.1235936896, 0.067711801731, 0.48045031858, 0.56451730843, 0.8646324804, 0.03358044455, 0.31188900197, 0.090430849961, 0.53804198115, 0.15207912695, 0.074073472181, 0.43490419887, 0.56937470387, 0.83549567786, 0.027053819973, 0.27854616918, 0.085238470881, 0.49837365836, 0.13615327042, 0.082297555776, 0.47519179739, 0.60083328938, 0.83246397334, 0.026434544245, 0.26301344019, 0.1364316344, 0.57030932906, 0.18339075354, 0.099311454207, 0.41220599989, 0.61317497001, 0.76425691139, 0.017484671043, 0.20343427645, 0.10686945421, 0.57003102661, 0.17253713942, 0.076927783975, 0.40638609052, 0.56790587508, 0.81620276182, 0.023582882868, 0.2595569855, 0.093971802092, 0.49407195676, 0.13842580641, 0.092823382338],
      [0.48272590628, 0.6252290067, 0.81320481557, 0.02320213696, 0.23634518689, 0.05392931884, 0.45230113876, 0.1056868035, 0.061497748462, 0.50753659558, 0.55031045849, 0.8845729327, 0.04016226566, 0.34400273801, 0.10086873914, 0.55219815062, 0.16249314335, 0.0781932548, 0.42337886686, 0.57611765141, 0.82093800606, 0.024422982511, 0.26138920524, 0.087621017321, 0.45364086226, 0.12248467858, 0.10225018529, 0.52359565225, 0.65403331496, 0.81012879739, 0.022763485487, 0.22348200646, 0.12065159939, 0.61347244645, 0.19724650532, 0.072343381478, 0.36415763586, 0.5415760198, 0.80700501913, 0.022369917689, 0.26117747487, 0.11680309418, 0.48587264725, 0.14285718359, 0.12040547414, 0.49694668433, 0.67411393396, 0.76279143168, 0.017180668426, 0.18302888245]
    ]
  ],
  "maxiter": 3600,
  "param_threshold": 0.001,
  "ll_threshold": "-Inf",
  "initial_prob": "group_proportional"
}
