{
  "W": [
    [55, 24, 21],
    [49, 28, 23],
    [45, 27, 28],
    [38, 32, 30],
    [44, 27, 29],
    [53, 24, 23],
    [50, 29, 21],
    [53, 26, 21],
    [46, 30, 24],
    [61, 19, 20],
    [49, 26, 25],
    [54, 22, 24],
    [54, 19, 27],
    [50, 28, 22],
    [54, 16, 30],
    [34, 31, 35],
    [44, 34, 22],
    [27, 48, 25],
    [27, 56, 17],
    [23, 58, 19],
    [25, 49, 26],
    [22, 53, 25],
    [23, 49, 28],
    [30, 48, 22],
    [26, 47, 27],
    [28, 48, 24],
    [26, 53, 21],
    [19, 58, 23],
    [24, 44, 32],
    [20, 52, 28],
    [27, 49, 24],
    [18, 55, 27],
    [36, 46, 18],
    [30, 42, 28],
    [22, 29, 49],
    [31, 19, 50],
    [22, 22, 56],
    [20, 27, 53],
    [28, 17, 55],
    [22, 21, 57],
    [20, 25, 55],
    [20, 26, 54],
    [30, 28, 42],
    [38, 17, 45],
    [34, 18, 48],
    [18, 28, 54],
    [25, 25, 50],
    [24, 22, 54],
    [23, 21, 56],
    [26, 25, 49]
  ],
  "X": [
    [18, 16, 66],
    [18, 20, 62],
    [14, 28, 58],
    [28, 17, 55],
    [17, 15, 68],
    [23, 19, 58],
    [22, 23, 55],
    [23, 14, 63],
    [26, 15, 59],
    [19, 14, 67],
    [23, 18, 59],
    [17, 20, 63],
    [23, 10, 67],
    [25, 20, 55],
    [20, 10, 70],
    [29, 22, 49],
    [21, 23, 56],
    [35, 30, 35],
    [18, 44, 38],
    [30, 36, 34],
    [21, 38, 41],
    [30, 37, 33],
    [26, 31, 43],
    [16, 35, 49],
    [28, 29, 43],
    [30, 33, 37],
    [21, 37, 42],
    [34, 29, 37],
    [24, 32, 44],
    [24, 39, 37],
    [26, 33, 41],
    [28, 37, 35],
    [34, 23, 43],
    [28, 28, 44],
    [30, 22, 48],
    [25, 14, 61],
    [25, 15, 60],
    [24, 20, 56],
    [23, 11, 66],
    [25, 18, 57],
    [28, 18, 54],
    [25, 17, 58],
    [34, 16, 50],
    [26, 8, 66],
    [22, 13, 65],
    [23, 19, 58],
    [22, 24, 54],
    [24, 20, 56],
    [20, 21, 59],
    [25, 19, 56]
  ],
  "real_prob": [
    [0.16729481719, 0.026875307906, 0.80582987491],
    [0.30834656589, 0.60720574439, 0.084447689714],
    [0.25981204753, 0.075681873353, 0.66450607911]
  ],
  "method": "exact",
  "prob": [
    [0.12104540301, 0.020570293679, 0.85838430331],
    [0.33561747571, 0.61878737983, 0.045595144456],
    [0.27535593107, 0.050534668824, 0.6741094001]
  ],
  "iterations": 51,
  "logLik": -264.8094885948,
  "time": 99.054201,
  "message": "Converged",
  "status": 0,
  "cond_prob": [
    [
      [0.093172486812, 0.33928419603, 0.22536631051, 0.014491857582, 0.60074258476, 0.037386942794, 0.89233565561, 0.059973219206, 0.7372467467, 0.091977195447, 0.29973178342, 0.22176641249, 0.0175024869, 0.64668311604, 0.045010908378, 0.89052031765, 0.053585100539, 0.73322267913, 0.093582466886, 0.140988902, 0.21364602271, 0.048269226783, 0.83457308848, 0.11765755021, 0.85814830633, 0.024438009515, 0.66869642708, 0.12579625281, 0.45345849737, 0.29030234924, 0.01216547511, 0.48872507346, 0.029950319835, 0.86203827208, 0.057816429165, 0.67974733093, 0.058720477342, 0.37079367669, 0.15189205953, 0.007383336845, 0.52165812059, 0.020357376649, 0.93389618581, 0.10754820272, 0.82775056382, 0.15254602954, 0.30566125729, 0.32953001127, 0.029026315115, 0.66341842476],
      [0.066937526289, 0.81842765534, 0.030920317946, 0.60353246244, 0.14422592885, 0.28220374329, 0.31451404772, 0.03097045264, 0.6875041033, 0.072088493918, 0.82480361851, 0.03029215341, 0.61339745836, 0.11200324834, 0.44262136274, 0.26455582888, 0.011099426829, 0.49324889043, 0.02796472509, 0.87689732483, 0.064129746832, 0.70747944603, 0.11601246644, 0.47062868374, 0.27269025131, 0.010247878054, 0.46373202995, 0.025693196287, 0.8737396555, 0.065639286305, 0.70161655241, 0.11871500432, 0.33077960768, 0.27367860952, 0.019401659365, 0.6243074667, 0.047732845573, 0.86188333631, 0.044912925618, 0.6785885449, 0.13175380039, 0.35024851514, 0.29750409549, 0.02016507185, 0.60758270075, 0.048590450396, 0.84808112776, 0.042168784109, 0.65390545411, 0.1111673187],
      [0.22299450041, 0.25379524088, 0.032159136909, 0.74465476033, 0.07837507832, 0.85667354439, 0.032350739262, 0.6678296808, 0.11946031599, 0.47433770341, 0.27913802117, 0.010195366211, 0.4612194777, 0.025417783267, 0.87034431779, 0.064442818886, 0.69544419556, 0.15785446537, 0.34342539102, 0.3405166265, 0.025336857269, 0.62320510628, 0.058337007307, 0.81680867736, 0.033369502701, 0.60114636619, 0.1074235743, 0.40955164392, 0.2548766895, 0.011973069603, 0.52775708129, 0.030311364694, 0.88060335609, 0.062691274795, 0.71481194581, 0.16652144927, 0.35273515359, 0.35438517039, 0.025847747505, 0.6150359382, 0.058716071445, 0.80763080323, 0.032228908208, 0.58689875816, 0.1036368273, 0.32475959739, 0.24537060396, 0.017766167968, 0.62444956423, 0.044863792071]
    ],
    [
      [0.87859700473, 0.050790838375, 0.70976560397, 0.20798618945, 0.39432345149, 0.41827388854, 0.027590929182, 0.57863805647, 0.059216728064, 0.76442288137, 0.027038492045, 0.52250938339, 0.090236469074, 0.21268598497, 0.21489412805, 0.028644278156, 0.74982934774, 0.072715353892, 0.88111925277, 0.03748466729, 0.71239051806, 0.13643686814, 0.36257413618, 0.30698169129, 0.020419631059, 0.5965427139, 0.048993214713, 0.8431435008, 0.040883149925, 0.64402509399, 0.10769113457, 0.24148826537, 0.24903063972, 0.02892960952, 0.7228893257, 0.071353184726, 0.86337925591, 0.035622408936, 0.67961617555, 0.17433061387, 0.32159005223, 0.36481814907, 0.03189249457, 0.65128419913, 0.071212102618, 0.79377689156, 0.02712574864, 0.56396974831, 0.10207836317, 0.34387072531],
      [0.24294757524, 0.016180430093, 0.60159255355, 0.04106482086, 0.88174120674, 0.054536721138, 0.7159876039, 0.056598015443, 0.23147343731, 0.14506066117, 0.015468274716, 0.70013628943, 0.042245902989, 0.92793370984, 0.068390273255, 0.81269343584, 0.12087225178, 0.36856475348, 0.27906585335, 0.017299626091, 0.58297928273, 0.042599386425, 0.86182812213, 0.048455963798, 0.67833476023, 0.17762371498, 0.33604807296, 0.3706761866, 0.030303547378, 0.63608160151, 0.067482658374, 0.79207273764, 0.027870325528, 0.56184115503, 0.082710407537, 0.2754355665, 0.20244973235, 0.018235361046, 0.67031641512, 0.047576695777, 0.89905423142, 0.054248018376, 0.74997357187, 0.1087171159, 0.44806390335, 0.25855080015, 0.0107909936, 0.48561471408, 0.027361639347, 0.8804918905],
      [0.066321382568, 0.7140875605, 0.11559896233, 0.28901048881, 0.26591135614, 0.024097865722, 0.6711223508, 0.059133368358, 0.86030317195, 0.039867160386, 0.67495527551, 0.12252036397, 0.26523921703, 0.27704119411, 0.029161079518, 0.70091135941, 0.070335275726, 0.84831855652, 0.03384942356, 0.65262353016, 0.12393973149, 0.3237555505, 0.28290021981, 0.021956633314, 0.63518936978, 0.053453824222, 0.85410363519, 0.041055079726, 0.66364595597, 0.12929811545, 0.32325916689, 0.2923473979, 0.023116430803, 0.63779590355, 0.055745538901, 0.84758545375, 0.038944929564, 0.6519070632, 0.15884618814, 0.47835756564, 0.34872717819, 0.01433918323, 0.47563784008, 0.033580486676, 0.82681462863, 0.046004594284, 0.61769233514, 0.14549580968, 0.34882390236, 0.32087577895]
    ],
    [
      [0.023028769419, 0.61409206195, 0.054188225562, 0.83147542091, 0.037084035691, 0.62493599549, 0.15999617603, 0.33400931941, 0.34273089519, 0.026987977371, 0.63387204372, 0.061713780201, 0.8130158466, 0.032118636867, 0.59555532461, 0.12493648589, 0.36074693693, 0.28545554272, 0.017934763586, 0.59247660082, 0.043739338266, 0.85712875052, 0.046776462257, 0.67080511902, 0.10949931908, 0.37177268761, 0.25735742594, 0.014841666946, 0.57221843148, 0.037226389905, 0.87565901397, 0.056008880912, 0.70541618415, 0.10698116235, 0.3173385956, 0.2507968806, 0.018907097588, 0.63388575103, 0.047300806989, 0.87411174006, 0.048775653366, 0.70190231241, 0.10126142737, 0.40217904415, 0.24232065969, 0.011658530664, 0.53153368776, 0.029772517265, 0.88708004197, 0.06628726809],
      [0.72790682304, 0.12490475746, 0.29389045098, 0.28211220816, 0.024893692634, 0.66814241283, 0.060023650748, 0.8502015499, 0.037967136189, 0.65786414109, 0.13257423895, 0.3569444386, 0.29863462284, 0.019719369312, 0.59991848885, 0.047411825319, 0.84770639174, 0.043137072553, 0.65395355184, 0.10344665357, 0.37147615775, 0.2457904968, 0.014053405631, 0.56903636197, 0.035629379188, 0.8824999408, 0.059487480275, 0.71858012402, 0.17603797976, 0.46376840546, 0.37460345844, 0.016817576362, 0.49611236527, 0.038198249559, 0.80714444388, 0.040119229263, 0.58719829201, 0.11874394085, 0.52686544392, 0.27846706002, 0.0079204427039, 0.400418635, 0.019820141827, 0.87333561644, 0.072715921078, 0.70171279815, 0.10597812285, 0.35456593207, 0.25030327178, 0.015344445554],
      [0.59009816304, 0.038677539925, 0.87867743159, 0.055335904885, 0.71101918829, 0.0907639888, 0.33895256102, 0.2199180832, 0.014229065336, 0.59848523853, 0.036783150835, 0.89500694586, 0.062562200446, 0.74329876596, 0.12078888694, 0.21992069099, 0.26964521103, 0.036253111224, 0.75093593214, 0.086405478318, 0.84295800184, 0.029143376866, 0.64394931065, 0.12569447867, 0.26279910709, 0.28151392881, 0.02951705446, 0.70365171038, 0.070578760455, 0.84478846687, 0.033549182527, 0.64790731073, 0.10219493889, 0.21097300614, 0.23605505851, 0.031930298006, 0.75504747576, 0.078742967053, 0.86587476311, 0.033979518109, 0.68520197443, 0.12309374545, 0.32217390341, 0.28051459251, 0.021423379368, 0.63558801338, 0.052107995959, 0.85548287518, 0.042238083215, 0.66737741153]
    ]
  ],
  "maxiter": 3600,
  "param_threshold": 0.001,
  "ll_threshold": "-Inf",
  "initial_prob": "group_proportional"
}
