{
  "W": [
    [48, 20, 32],
    [55, 25, 20],
    [47, 24, 29],
    [53, 17, 30],
    [46, 26, 28],
    [47, 24, 29],
    [49, 33, 18],
    [60, 21, 19],
    [51, 22, 27],
    [49, 22, 29],
    [58, 19, 23],
    [43, 26, 31],
    [41, 33, 26],
    [47, 27, 26],
    [44, 32, 24],
    [47, 23, 30],
    [39, 34, 27],
    [20, 52, 28],
    [28, 57, 15],
    [31, 44, 25],
    [20, 56, 24],
    [26, 50, 24],
    [23, 59, 18],
    [28, 45, 27],
    [24, 54, 22],
    [27, 52, 21],
    [27, 48, 25],
    [21, 50, 29],
    [23, 50, 27],
    [29, 48, 23],
    [23, 46, 31],
    [17, 55, 28],
    [27, 56, 17],
    [27, 22, 51],
    [20, 32, 48],
    [27, 18, 55],
    [25, 27, 48],
    [29, 26, 45],
    [26, 22, 52],
    [34, 20, 46],
    [23, 33, 44],
    [31, 21, 48],
    [22, 31, 47],
    [29, 21, 50],
    [19, 27, 54],
    [27, 24, 49],
    [31, 16, 53],
    [24, 27, 49],
    [28, 22, 50],
    [27, 28, 45]
  ],
  "X": [
    [47, 30, 23],
    [59, 22, 19],
    [41, 36, 23],
    [44, 38, 18],
    [40, 39, 21],
    [49, 35, 16],
    [59, 24, 17],
    [53, 25, 22],
    [58, 20, 22],
    [48, 30, 22],
    [47, 30, 23],
    [46, 37, 17],
    [47, 33, 20],
    [55, 27, 18],
    [53, 33, 14],
    [39, 34, 27],
    [48, 32, 20],
    [50, 38, 12],
    [57, 31, 12],
    [54, 29, 17],
    [57, 29, 14],
    [60, 25, 15],
    [63, 25, 12],
    [41, 32, 27],
    [55, 29, 16],
    [59, 23, 18],
    [47, 35, 18],
    [51, 27, 22],
    [48, 29, 23],
    [46, 33, 21],
    [41, 35, 24],
    [46, 34, 20],
    [53, 30, 17],
    [42, 41, 17],
    [46, 33, 21],
    [31, 41, 28],
    [40, 46, 14],
    [31, 41, 28],
    [39, 40, 21],
    [35, 42, 23],
    [33, 37, 30],
    [41, 39, 20],
    [40, 38, 22],
    [37, 43, 20],
    [39, 38, 23],
    [36, 38, 26],
    [38, 44, 18],
    [39, 43, 18],
    [32, 45, 23],
    [38, 38, 24]
  ],
  "real_prob": [
    [0.53863518358, 0.1958724619, 0.26549235452],
    [0.64382007231, 0.23273805671, 0.12344187098],
    [0.17105018951, 0.60462016154, 0.22432964895]
  ],
  "method": "exact",
  "prob": [
    [0.58731766279, 0.20138024348, 0.21130209373],
    [0.67101841283, 0.20857291534, 0.12040867183],
    [0.12026036131, 0.60780797373, 0.27193166496]
  ],
  "iterations": 49,
  "logLik": -277.7224873148,
  "time": 119.69394,
  "message": "Converged",
  "status": 0,
  "cond_prob": [
    [
      [0.60334991225, 0.69309660908, 0.13053975094, 0.17393660479, 0.18006796108, 0.56405261714, 0.22271348296, 0.12683542983, 0.30540763192, 0.66992012505, 0.75187899646, 0.16787091053, 0.14136723304, 0.14307192499, 0.53240020291, 0.18871264191, 0.10504907855, 0.29972888657, 0.51070162174, 0.59972996507, 0.089776021264, 0.24240403592, 0.2565908464, 0.63616655166, 0.24689434234, 0.14367918854, 0.27405742708, 0.5658211806, 0.64137847341, 0.103601446, 0.24914713829, 0.25463078953, 0.68221594162, 0.1850316811, 0.10399073706, 0.21418261238, 0.49372116692, 0.57696263267, 0.081707066871, 0.27368893279, 0.2883451137, 0.67547629055, 0.23258990029, 0.13469225363, 0.24281664258, 0.61518246709, 0.68701160623, 0.12407398267, 0.22041697986, 0.22195091917],
      [0.66598551332, 0.16440055305, 0.091037474597, 0.20994050401, 0.65424679153, 0.732932973, 0.15306217256, 0.16488893824, 0.16659502296, 0.5790447927, 0.18086427023, 0.10047200404, 0.26789303475, 0.60057617829, 0.69069502144, 0.12951757118, 0.17464010971, 0.18111271581, 0.56411717819, 0.22478371201, 0.12819226275, 0.30636525063, 0.69616074062, 0.78212373655, 0.19589185274, 0.10661519676, 0.10796555627, 0.45138454546, 0.19722406262, 0.10991070718, 0.35272360179, 0.59720341689, 0.68540947941, 0.12613875951, 0.18346531131, 0.18979326273, 0.58050855054, 0.2193312718, 0.12479725786, 0.29335268995, 0.55586957005, 0.64619204528, 0.10790939465, 0.20737631577, 0.21735603717, 0.60184386865, 0.23675411418, 0.13645191755, 0.29024673669, 0.58778617985],
      [0.66272638778, 0.11271961884, 0.23356773312, 0.23742181984, 0.67043936, 0.17864608703, 0.099851792379, 0.21684102116, 0.55959146371, 0.6450081202, 0.10659546235, 0.22099408285, 0.22965033252, 0.62926083192, 0.21941445343, 0.12534154728, 0.26414370572, 0.65986078506, 0.73788950115, 0.1562894835, 0.16197671992, 0.16330795334, 0.57606843936, 0.17816249502, 0.098802545502, 0.26764207713, 0.6281276382, 0.69625868159, 0.12842108784, 0.22074358573, 0.22067841009, 0.67606554604, 0.15112877607, 0.083062908318, 0.19551336611, 0.48804922646, 0.5858574775, 0.086232145792, 0.22517304184, 0.24358205695, 0.5938159908, 0.2867777317, 0.17056046555, 0.31995186341, 0.57540749631, 0.6613180958, 0.11386268099, 0.20758340552, 0.21507297165, 0.61450985737]
    ],
    [
      [0.21700909817, 0.12360893255, 0.27162746165, 0.60260606966, 0.6683950914, 0.11397620907, 0.25123231346, 0.25128486473, 0.71101931302, 0.14616161688, 0.080320043864, 0.17500447791, 0.60423185952, 0.67252051487, 0.11652257237, 0.24130717586, 0.24230010564, 0.69548620365, 0.15446096462, 0.085179379491, 0.18799122398, 0.62736841267, 0.70746156708, 0.13693081024, 0.18409475086, 0.18716709814, 0.60230841621, 0.18853683647, 0.10537133478, 0.26076077356, 0.65006706938, 0.72339612466, 0.1453531513, 0.18507227245, 0.18570002704, 0.62080637653, 0.16486065818, 0.090903848292, 0.23384047217, 0.68641578463, 0.76032802822, 0.17236617452, 0.15010456614, 0.14991084539, 0.56673912545, 0.16347964923, 0.089761126386, 0.26089470003, 0.68361708677, 0.75134532472],
      [0.16374626922, 0.17091121632, 0.16942303415, 0.61517127834, 0.14547169691, 0.079231641136, 0.22108245244, 0.46741752698, 0.57090729807, 0.082277067832, 0.2156842001, 0.23741223408, 0.56582562457, 0.31689827292, 0.19168046785, 0.3518973076, 0.61313500912, 0.69343899037, 0.12904792277, 0.19540897359, 0.19927784597, 0.61587186142, 0.19145601729, 0.10728316365, 0.2550802158, 0.64856315625, 0.73483970139, 0.15605382423, 0.14746409645, 0.1506343105, 0.53264215476, 0.2039727473, 0.11452598811, 0.31130402101, 0.54082833042, 0.62398989939, 0.097844796322, 0.24229358032, 0.25205111254, 0.65438479717, 0.21687808926, 0.12395898807, 0.24777040651, 0.59684216878, 0.6929481298, 0.13168648157, 0.15961047084, 0.1669808668, 0.52755644042, 0.24354736038],
      [0.1400710034, 0.34075707801, 0.54914727496, 0.6480104572, 0.10996628949, 0.18472648259, 0.19644807245, 0.55292175103, 0.26612624245, 0.15554147035, 0.33711195948, 0.51320550952, 0.60431369602, 0.091738383263, 0.23358269929, 0.24798828151, 0.62272453079, 0.2532117912, 0.14769802247, 0.28553708594, 0.49056013144, 0.58760066768, 0.086693105283, 0.22671767007, 0.2447082517, 0.59770690356, 0.28272219849, 0.16769108063, 0.31559999115, 0.53142840193, 0.62215154709, 0.098120788472, 0.22335552832, 0.23568748415, 0.61571944251, 0.24521606974, 0.14216096876, 0.28615976902, 0.56015604378, 0.64412949521, 0.1061491227, 0.22526619831, 0.23363344594, 0.6373140984, 0.2145777579, 0.12223705884, 0.2565367789, 0.66733672603, 0.73628867713, 0.15261877452]
    ],
    [
      [0.1827905647, 0.1817187013, 0.62876163381, 0.14987270928, 0.081992621565, 0.21861959167, 0.67716543866, 0.75734301972, 0.17128572075, 0.14055224128, 0.14159470332, 0.53454009725, 0.18228232006, 0.10106227696, 0.294174182, 0.52764851218, 0.62558770608, 0.099871117483, 0.20259506137, 0.21610723783, 0.57527278295, 0.26975642644, 0.15830505609, 0.32485609957, 0.6225273, 0.68720921921, 0.12254517878, 0.23736186359, 0.23612993345, 0.70188427515, 0.14011083641, 0.076660847337, 0.17557054607, 0.45503859066, 0.55315854731, 0.076039080905, 0.24145148435, 0.26422915638, 0.60284330862, 0.30350992499, 0.1826122963, 0.32111761048, 0.6273009314, 0.70798057934, 0.1368192892, 0.1828122931, 0.18581443483, 0.59921082333, 0.1898867755, 0.10620498583],
      [0.26396988747, 0.53326277681, 0.62080752085, 0.09680250373, 0.23327577927, 0.24457256296, 0.63428635317, 0.23346144393, 0.13461991619, 0.2689111431, 0.46304342184, 0.56860400447, 0.081501571593, 0.21121758431, 0.23345006969, 0.55541234685, 0.32573899385, 0.19794592584, 0.36308608156, 0.63022353011, 0.70883798033, 0.13703068708, 0.18655247249, 0.18901398671, 0.60932457567, 0.18322399741, 0.10214803296, 0.25364473726, 0.59423290723, 0.68144920951, 0.1234457563, 0.18950526669, 0.1957015998, 0.59072626679, 0.21626182609, 0.12284919069, 0.28582797691, 0.59016511524, 0.66986827166, 0.11635955906, 0.21666560396, 0.22149670059, 0.64130533545, 0.1931692808, 0.10863502775, 0.24233510548, 0.63002555997, 0.71584431557, 0.14262440445, 0.1649590265],
      [0.1687462727, 0.5612894284, 0.20501541353, 0.11540941173, 0.29608616715, 0.55508675637, 0.65067590478, 0.11013134415, 0.19182785763, 0.20241447043, 0.57066735824, 0.253085386, 0.1469096248, 0.31920129761, 0.63338989081, 0.70533361323, 0.13357689761, 0.20455644177, 0.20520806416, 0.64859285431, 0.16205366742, 0.089458322607, 0.21783024808, 0.60736777246, 0.68292419261, 0.12212694409, 0.21575126217, 0.21852832826, 0.65146336418, 0.17688096536, 0.098547479128, 0.22640969173, 0.51240631571, 0.59980466872, 0.089138408966, 0.24794769967, 0.2613075516, 0.64617396548, 0.23964598462, 0.13888777968, 0.26468762555, 0.55526198245, 0.64758132902, 0.10834776136, 0.20215020493, 0.21229667588, 0.59105861205, 0.24258781262, 0.1401219951, 0.30059362659]
    ]
  ],
  "maxiter": 3600,
  "param_threshold": 0.001,
  "ll_threshold": "-Inf",
  "initial_prob": "group_proportional"
}
