{
  "W": [
    [39, 29, 32],
    [42, 33, 25],
    [37, 29, 34],
    [41, 29, 30],
    [37, 32, 31],
    [46, 29, 25],
    [41, 30, 29],
    [40, 32, 28],
    [32, 34, 34],
    [33, 39, 28],
    [47, 25, 28],
    [35, 35, 30],
    [37, 33, 30],
    [28, 31, 41],
    [38, 34, 28],
    [36, 32, 32],
    [38, 36, 26],
    [32, 36, 32],
    [27, 42, 31],
    [32, 35, 33],
    [26, 40, 34],
    [31, 40, 29],
    [37, 32, 31],
    [33, 34, 33],
    [34, 38, 28],
    [27, 37, 36],
    [29, 33, 38],
    [36, 40, 24],
    [30, 44, 26],
    [30, 33, 37],
    [38, 30, 32],
    [33, 35, 32],
    [30, 39, 31],
    [30, 31, 39],
    [36, 26, 38],
    [32, 35, 33],
    [30, 29, 41],
    [26, 36, 38],
    [27, 29, 44],
    [31, 36, 33],
    [37, 26, 37],
    [30, 34, 36],
    [27, 33, 40],
    [35, 24, 41],
    [28, 37, 35],
    [30, 30, 40],
    [30, 31, 39],
    [29, 37, 34],
    [32, 31, 37],
    [25, 32, 43]
  ],
  "X": [
    [33, 28, 39],
    [28, 27, 45],
    [38, 27, 35],
    [30, 35, 35],
    [30, 33, 37],
    [32, 31, 37],
    [26, 32, 42],
    [29, 30, 41],
    [35, 24, 41],
    [27, 25, 48],
    [27, 27, 46],
    [32, 28, 40],
    [34, 30, 36],
    [37, 20, 43],
    [30, 27, 43],
    [36, 28, 36],
    [28, 29, 43],
    [33, 21, 46],
    [33, 19, 48],
    [29, 24, 47],
    [33, 18, 49],
    [28, 24, 48],
    [33, 23, 44],
    [32, 25, 43],
    [32, 25, 43],
    [34, 27, 39],
    [39, 25, 36],
    [23, 28, 49],
    [30, 22, 48],
    [35, 13, 52],
    [35, 30, 35],
    [36, 24, 40],
    [30, 19, 51],
    [40, 26, 34],
    [35, 25, 40],
    [31, 20, 49],
    [41, 19, 40],
    [39, 27, 34],
    [37, 25, 38],
    [34, 25, 41],
    [40, 22, 38],
    [33, 25, 42],
    [34, 21, 45],
    [41, 22, 37],
    [37, 28, 35],
    [39, 18, 43],
    [39, 25, 36],
    [37, 25, 38],
    [34, 25, 41],
    [39, 26, 35]
  ],
  "real_prob": [
    [0.14472876594, 0.58848144877, 0.26678978529],
    [0.022866315233, 0.14533055234, 0.83180313242],
    [0.84472917371, 0.020707922646, 0.13456290364]
  ],
  "method": "exact",
  "prob": [
    [0.070907783571, 0.56634846534, 0.36274375109],
    [0.073619946489, 0.15739632224, 0.76898373127],
    [0.86198815966, 0.027321392022, 0.11069044832]
  ],
  "iterations": 144,
  "logLik": -251.926218569,
  "time": 644.931356,
  "message": "Converged",
  "status": 0,
  "cond_prob": [
    [
      [0.071553595023, 0.076013854964, 0.8751565, 0.57774484595, 0.1603537458, 0.025552886875, 0.35070155903, 0.76363239924, 0.09929061312, 0.080878371938, 0.07886441703, 0.88002330466, 0.52512261006, 0.13413397681, 0.020737165709, 0.393999018, 0.78700160616, 0.099239529626, 0.10068660168, 0.11112748577, 0.91329113678, 0.58082554913, 0.16742953985, 0.019235236067, 0.31848784919, 0.72144297437, 0.06747362715, 0.054005599723, 0.067909402538, 0.86054659126, 0.66993986468, 0.22012278439, 0.03829682669, 0.27605453559, 0.71196781308, 0.10115658205, 0.048991632064, 0.061082500302, 0.84621514852, 0.66886212911, 0.21771020988, 0.041463693762, 0.28214623882, 0.72120728982, 0.11232115772, 0.11525723278, 0.12504316303, 0.92287662257, 0.56373381294, 0.1603862396],
      [0.01668174626, 0.32100895428, 0.71457059738, 0.060441631172, 0.039480912748, 0.04375486979, 0.79547022357, 0.6178537574, 0.17889195049, 0.044870256277, 0.34266532986, 0.77735317972, 0.15965952015, 0.063994876779, 0.069620780502, 0.86472642688, 0.5944791903, 0.16908854388, 0.028928535135, 0.34152593292, 0.76129067561, 0.10634503798, 0.075847250192, 0.078780576541, 0.87924554093, 0.56297919127, 0.15242828833, 0.023591296361, 0.36117355854, 0.76879113513, 0.097163162713, 0.052851358427, 0.053128473592, 0.82799623935, 0.55797705726, 0.14634513851, 0.031403453876, 0.38917158431, 0.8005263879, 0.14060030677, 0.056586252169, 0.051377865008, 0.82342855439, 0.49611114251, 0.11802777681, 0.026145781482, 0.44730260532, 0.83059435818, 0.15042566413, 0.073873789201],
      [0.082516386556, 0.88421146162, 0.60210100376, 0.17559159311, 0.026025303647, 0.32402520704, 0.74189202033, 0.089763234736, 0.08893885988, 0.10511460267, 0.90801600988, 0.62106866832, 0.19177412919, 0.02306376697, 0.2899924718, 0.70311126814, 0.068920223149, 0.055145505776, 0.052697271368, 0.82493440063, 0.52738336034, 0.13090300087, 0.02866519228, 0.41747113388, 0.81639972776, 0.14640040709, 0.074693709524, 0.076845445396, 0.87674621052, 0.55862042848, 0.15025156007, 0.023709666977, 0.36668586199, 0.77290299454, 0.099544122502, 0.094686808099, 0.10792642344, 0.91055091745, 0.60026201185, 0.17867409825, 0.021031138425, 0.30505118005, 0.71339947832, 0.068417944123, 0.068973041282, 0.074475649589, 0.87299619408, 0.58764827473, 0.16590287792, 0.026802382892]
    ],
    [
      [0.34337868399, 0.75962147249, 0.10020142303, 0.078291033926, 0.072960042445, 0.87087891832, 0.49952909109, 0.12142843002, 0.020113925139, 0.42217987499, 0.80561152754, 0.10900715654, 0.085744533578, 0.079949302078, 0.88151699697, 0.49541554442, 0.12030349961, 0.01842042958, 0.418839922, 0.79974719831, 0.10006257345, 0.043195935874, 0.042802425338, 0.79150439895, 0.55521437097, 0.14332161309, 0.036875262754, 0.40158969315, 0.81387596158, 0.1716203383, 0.067306294791, 0.060873942363, 0.84750231297, 0.48712829869, 0.11455485185, 0.022131475304, 0.44556540652, 0.82457120579, 0.13036621173, 0.054357578524, 0.054647077213, 0.83203558542, 0.55710986011, 0.14602169047, 0.030645748885, 0.38853256137, 0.79933123231, 0.13731866569, 0.084889053392, 0.079617759904],
      [0.88101086153, 0.499840211, 0.12254675479, 0.018852130315, 0.41527073561, 0.79783548531, 0.10013700815, 0.059178747743, 0.061178393058, 0.8474859382, 0.56989670595, 0.1535887293, 0.029436118405, 0.37092454631, 0.78523287764, 0.1230779434, 0.092635645261, 0.096004493418, 0.90007918969, 0.55213933983, 0.14948858644, 0.019524862899, 0.35522501491, 0.75450692015, 0.080395947414, 0.049709085974, 0.060742417613, 0.84473292297, 0.65899548171, 0.20960760847, 0.040323346676, 0.29129543232, 0.72964997392, 0.11494373035, 0.076526392361, 0.08839617438, 0.89114897018, 0.61703659241, 0.18546512963, 0.025936566901, 0.30643701523, 0.72613869599, 0.082914462916, 0.045710724411, 0.04738384968, 0.81079416392, 0.57906001972, 0.15682203063, 0.036706586033, 0.37522925587],
      [0.79579411969, 0.15249925005, 0.092197855925, 0.090436821028, 0.8944170845, 0.52155356387, 0.13353721391, 0.018375218151, 0.3862485802, 0.77602596506, 0.087207697348, 0.075277713362, 0.055654143099, 0.83527248316, 0.34341950945, 0.066167348034, 0.013888979226, 0.58130277719, 0.87817850887, 0.15083853762, 0.083961050556, 0.098298491216, 0.90189141695, 0.61955938103, 0.18946936143, 0.024145708692, 0.29647956842, 0.71223214736, 0.073962874358, 0.10006358899, 0.10425172644, 0.90778409806, 0.55075908257, 0.14976729337, 0.018221718976, 0.34917732844, 0.74598098019, 0.073994182959, 0.063656896398, 0.055878277255, 0.83584000952, 0.47040218778, 0.1076064366, 0.022299462547, 0.46594091582, 0.83651528614, 0.14186052793, 0.076700510605, 0.091151939709, 0.89418652695]
    ],
    [
      [0.63063109636, 0.19503334014, 0.026539322178, 0.29266839304, 0.71381472015, 0.079274150877, 0.054735048219, 0.054995849142, 0.83156963648, 0.55673479169, 0.14579114679, 0.030709939016, 0.38853016009, 0.79921300407, 0.1377204245, 0.059274637617, 0.052534994399, 0.82619656946, 0.47903000302, 0.110664387, 0.024175344193, 0.46169535937, 0.8368006186, 0.14962808634, 0.085830821342, 0.079695665011, 0.88082685547, 0.49307572371, 0.11913020698, 0.018364689909, 0.42109345495, 0.80117412801, 0.10080845462, 0.06956799262, 0.090591467366, 0.89289314123, 0.67577689753, 0.22897105713, 0.031232700206, 0.25465510985, 0.68043747551, 0.075874158565, 0.037444161974, 0.043256316445, 0.78942214659, 0.63947361075, 0.19185509612, 0.049327607328, 0.32308222728, 0.76488858744],
      [0.16125024609, 0.071973017454, 0.077875336349, 0.87773710153, 0.58680031156, 0.16547772417, 0.025817947621, 0.34122667098, 0.75664693948, 0.096444950853, 0.10596641964, 0.10029786269, 0.90463508225, 0.49342952806, 0.12203455759, 0.015411053093, 0.4006040523, 0.77766757972, 0.079953864657, 0.049091730407, 0.053020458972, 0.82568201341, 0.59885721765, 0.16833930249, 0.036409644047, 0.35205105194, 0.77864023854, 0.13790834254, 0.042697503867, 0.041983660927, 0.78654266463, 0.55095816482, 0.14068954453, 0.037034364507, 0.40634433131, 0.81732679454, 0.17642297087, 0.08347751531, 0.080405036724, 0.88167234348, 0.51643174345, 0.12966778676, 0.019825904802, 0.40009074124, 0.78992717652, 0.098501751715, 0.073811995709, 0.094905799709, 0.89776427231, 0.66782576836],
      [0.22366090166, 0.029297860703, 0.25836223593, 0.68143329863, 0.072937866985, 0.078320934859, 0.069310355431, 0.86427653228, 0.46738975474, 0.10764144155, 0.018726602786, 0.45428931041, 0.82304820302, 0.11699686493, 0.071094981698, 0.080647464318, 0.88120715783, 0.61133665825, 0.18043556323, 0.027343533144, 0.31756836006, 0.73891697246, 0.09144930903, 0.087864745533, 0.10047726326, 0.90394893055, 0.60547660645, 0.18036795931, 0.022575409366, 0.30665864802, 0.71915477743, 0.07347566008, 0.051333668164, 0.054199699557, 0.82911167385, 0.58568873707, 0.1609963836, 0.034245203305, 0.36297759477, 0.78480391684, 0.13664312284, 0.045881641025, 0.058121172686, 0.83704840578, 0.67755687537, 0.22301034525, 0.044761559712, 0.2765614836, 0.71886848206, 0.11819003451]
    ]
  ],
  "maxiter": 3600,
  "param_threshold": 0.001,
  "ll_threshold": "-Inf",
  "initial_prob": "group_proportional"
}
