{
  "W": [
    [37, 32, 31],
    [33, 28, 39],
    [36, 34, 30],
    [40, 31, 29],
    [31, 30, 39],
    [39, 30, 31],
    [39, 32, 29],
    [33, 40, 27],
    [35, 35, 30],
    [41, 31, 28],
    [38, 36, 26],
    [39, 27, 34],
    [30, 32, 38],
    [28, 32, 40],
    [32, 33, 35],
    [43, 28, 29],
    [39, 28, 33],
    [29, 43, 28],
    [18, 38, 44],
    [34, 38, 28],
    [34, 36, 30],
    [21, 42, 37],
    [39, 30, 31],
    [32, 41, 27],
    [29, 37, 34],
    [33, 27, 40],
    [35, 33, 32],
    [38, 37, 25],
    [33, 40, 27],
    [40, 35, 25],
    [27, 41, 32],
    [32, 35, 33],
    [32, 37, 31],
    [26, 36, 38],
    [32, 22, 46],
    [50, 27, 23],
    [32, 27, 41],
    [39, 35, 26],
    [36, 31, 33],
    [22, 41, 37],
    [29, 34, 37],
    [26, 30, 44],
    [29, 30, 41],
    [29, 31, 40],
    [35, 29, 36],
    [28, 33, 39],
    [34, 35, 31],
    [36, 38, 26],
    [31, 31, 38],
    [34, 28, 38]
  ],
  "X": [
    [22, 61, 17],
    [22, 63, 15],
    [30, 56, 14],
    [22, 62, 16],
    [21, 65, 14],
    [26, 61, 13],
    [26, 60, 14],
    [19, 63, 18],
    [17, 66, 17],
    [29, 56, 15],
    [23, 55, 22],
    [32, 54, 14],
    [17, 66, 17],
    [21, 59, 20],
    [25, 57, 18],
    [18, 66, 16],
    [23, 63, 14],
    [20, 59, 21],
    [20, 65, 15],
    [20, 65, 15],
    [17, 69, 14],
    [23, 53, 24],
    [19, 67, 14],
    [21, 58, 21],
    [20, 57, 23],
    [21, 68, 11],
    [18, 63, 19],
    [17, 61, 22],
    [18, 64, 18],
    [21, 55, 24],
    [22, 63, 15],
    [22, 57, 21],
    [13, 65, 22],
    [18, 65, 17],
    [22, 64, 14],
    [23, 57, 20],
    [21, 66, 13],
    [22, 62, 16],
    [23, 60, 17],
    [19, 57, 24],
    [17, 59, 24],
    [16, 58, 26],
    [20, 62, 18],
    [19, 62, 19],
    [17, 69, 14],
    [22, 66, 12],
    [19, 66, 15],
    [20, 64, 16],
    [25, 58, 17],
    [24, 59, 17]
  ],
  "real_prob": [
    [0.29734454741, 0.69921697141, 0.0034384811783],
    [0.31339239589, 0.27370049123, 0.41290711288],
    [0.012829901098, 0.8999497192, 0.087220379698]
  ],
  "method": "exact",
  "prob": [
    [0.32190867086, 0.60447627934, 0.073615049798],
    [0.11831631339, 0.53705908111, 0.3446246055],
    [0.1909633561, 0.70411797967, 0.10491866423]
  ],
  "iterations": 101,
  "logLik": -262.1501044967,
  "time": 148.530114,
  "message": "Converged",
  "status": 0,
  "cond_prob": [
    [
      [0.3277764145, 0.12031758266, 0.1942616135, 0.59922245273, 0.53398184991, 0.70133387264, 0.07300113277, 0.34570056743, 0.10440451387, 0.32972551901, 0.12415969269, 0.19596375583, 0.60362450571, 0.55182027588, 0.70844675863, 0.066649975279, 0.32402003143, 0.095589485531, 0.4319821662, 0.18317412699, 0.27402405665, 0.5157295479, 0.5310053297, 0.64598516886, 0.052288285904, 0.28582054331, 0.079990774498, 0.32063023378, 0.1187541409, 0.18942800968, 0.60964787991, 0.54805797672, 0.71118232845, 0.069721886302, 0.33318788238, 0.09938966187, 0.31983067216, 0.12335452711, 0.18934906024, 0.62085141333, 0.58144055823, 0.72590742153, 0.059317914505, 0.29520491465, 0.084743518223, 0.3707328823, 0.15064129829, 0.22652189167, 0.57554378996, 0.56768351447],
      [0.69429957282, 0.053723327733, 0.28167518725, 0.079178535517, 0.37352337189, 0.15025766606, 0.22842562698, 0.56998209852, 0.55661942008, 0.68823712811, 0.056494529597, 0.29312291386, 0.083337244908, 0.29949890186, 0.10994238878, 0.1747718773, 0.63131727529, 0.56290619415, 0.72778822775, 0.069183822843, 0.32715141706, 0.097439894948, 0.26301572859, 0.093877432717, 0.15029131181, 0.66538379638, 0.57665138665, 0.75095895313, 0.071600475025, 0.32947118063, 0.098749735065, 0.4088675945, 0.16433080891, 0.25507762676, 0.52963399308, 0.51672134503, 0.65238016385, 0.061498412419, 0.31894784606, 0.092542209389, 0.34907918759, 0.11998000827, 0.20829656053, 0.55731498111, 0.46508254769, 0.65688688466, 0.093605831299, 0.41493744404, 0.13481655481, 0.44515498606],
      [0.18434650033, 0.2841647069, 0.49546507608, 0.4980311588, 0.62441237486, 0.059379937859, 0.31762234087, 0.091422918238, 0.26935152824, 0.095461242994, 0.15433406255, 0.65637122391, 0.5649292448, 0.74292440656, 0.074277247847, 0.33960951221, 0.10274153089, 0.33404251995, 0.11659296289, 0.19789586572, 0.57874830919, 0.49062535543, 0.67737589922, 0.087209170858, 0.39278168168, 0.12472823506, 0.37998994126, 0.14290095921, 0.23213114931, 0.546142691, 0.49876358371, 0.65897816073, 0.07386736774, 0.35833545708, 0.10889068996, 0.25963779683, 0.090881638131, 0.14796168513, 0.66395181518, 0.56386255644, 0.74696277128, 0.076410387991, 0.34525580543, 0.1050755436, 0.33140066413, 0.12716692557, 0.19741515706, 0.60641579997, 0.56477573925, 0.7132140334]
    ],
    [
      [0.062183535902, 0.30805733518, 0.089370809541, 0.32769195985, 0.11789606559, 0.193835798, 0.59402427486, 0.51931908465, 0.69437769246, 0.07828376529, 0.36278484976, 0.11178650954, 0.33657034312, 0.13371830937, 0.20137359245, 0.60908793258, 0.58815403457, 0.72014917954, 0.054341724299, 0.27812765606, 0.078477228007, 0.30695425671, 0.1186873044, 0.18047991801, 0.63600945201, 0.59723288029, 0.73860104217, 0.057036291277, 0.28407981531, 0.080919039818, 0.26210265635, 0.099429725061, 0.1503013194, 0.68222760888, 0.62845575911, 0.77266179901, 0.055669734772, 0.27211451583, 0.077036881594, 0.39219988557, 0.13990371331, 0.24021206606, 0.51851119524, 0.44962915608, 0.62775244175, 0.089288919196, 0.41046713062, 0.13203549219, 0.27885871862, 0.10422902452],
      [0.16121416898, 0.65944533761, 0.59823925838, 0.75272432521, 0.061695943774, 0.29753171709, 0.086061505805, 0.33497181597, 0.11979197156, 0.19886781685, 0.58413880908, 0.50748309357, 0.68521301011, 0.080889374949, 0.37272493486, 0.11591917304, 0.32563227926, 0.10936914973, 0.19147074592, 0.57754113842, 0.4712265942, 0.67105655884, 0.096826582323, 0.41940425607, 0.13747269523, 0.31108429459, 0.12522791291, 0.18382661575, 0.64116239755, 0.62659225899, 0.7480912472, 0.047753307859, 0.24817982809, 0.068082137055, 0.27816322737, 0.095491311503, 0.15978355507, 0.63758116069, 0.53140212855, 0.72338716043, 0.084255611933, 0.37310655995, 0.1168292845, 0.2643781945, 0.086425605148, 0.15023524874, 0.63923207396, 0.50732235605, 0.71753016062, 0.09638973154],
      [0.4062520388, 0.13223459064, 0.28496991457, 0.10359005119, 0.16490336192, 0.64526765602, 0.56973488688, 0.73765821763, 0.069762429409, 0.32667506193, 0.097438420454, 0.31892937459, 0.1024466319, 0.18628771599, 0.57211959244, 0.44609240657, 0.6600792829, 0.10895103297, 0.45146096153, 0.1536330011, 0.34991357422, 0.14134452588, 0.21116274798, 0.59778380479, 0.58668473936, 0.71268009241, 0.052302620993, 0.27197073477, 0.076157159618, 0.3443841431, 0.12024708106, 0.20518362374, 0.56704038984, 0.48084693247, 0.66742620875, 0.088575467062, 0.39890598647, 0.1273901675, 0.21353508549, 0.067851966742, 0.11794691919, 0.6886625511, 0.53144696629, 0.75158905199, 0.097802363403, 0.40070106696, 0.13046402882, 0.2934955401, 0.10783480133, 0.1707121871]
    ],
    [
      [0.63846908148, 0.56991850564, 0.7337562547, 0.068035378418, 0.32224669304, 0.095531558206, 0.32607999008, 0.12152709333, 0.19330096227, 0.60523095357, 0.54749385947, 0.70842922994, 0.068689056354, 0.33097904719, 0.098269807792, 0.31787548932, 0.10473568039, 0.18601574624, 0.58079020239, 0.46407746776, 0.67088688047, 0.10133430828, 0.43118685185, 0.1430973733, 0.31497440853, 0.12195607839, 0.18604889782, 0.6273567131, 0.58972921465, 0.73175357037, 0.057668878369, 0.28831470696, 0.082197531811, 0.3251061267, 0.12308562707, 0.19280246582, 0.61012283597, 0.56079175382, 0.71451915436, 0.064771037328, 0.31612261911, 0.092678379823, 0.34243515763, 0.12641069028, 0.20465463414, 0.58405462699, 0.52342432576, 0.68932967666, 0.073510215381, 0.35016498396],
      [0.1060156892, 0.32921899031, 0.11165713209, 0.19403350805, 0.57626646115, 0.47510452152, 0.6714284452, 0.094514548537, 0.41323834639, 0.13453804676, 0.27958418884, 0.087827263309, 0.15961977219, 0.61023569541, 0.46560108006, 0.68845211112, 0.11018011575, 0.44657165664, 0.15192811669, 0.26831523876, 0.078663174531, 0.15145246719, 0.60138454551, 0.42821252616, 0.67085513709, 0.13030021573, 0.4931242993, 0.17769239572, 0.31400584202, 0.11132629929, 0.18424491714, 0.60576332008, 0.52153943452, 0.70211416298, 0.080230837901, 0.36713426619, 0.11364091988, 0.30153607793, 0.10443008303, 0.17545302915, 0.61354483528, 0.51603107603, 0.7052559105, 0.084919086789, 0.37953884094, 0.11929106035, 0.25678282537, 0.09435795638, 0.14656167714, 0.6801862741],
      [0.60673301853, 0.76661730192, 0.063030900533, 0.29890902509, 0.08682102094, 0.3384255308, 0.13934227077, 0.2032253898, 0.61535928417, 0.61536479312, 0.72981799668, 0.046215185033, 0.24529293611, 0.066956613521, 0.29105582109, 0.11003919769, 0.1694429085, 0.64848739012, 0.59534507188, 0.7456242329, 0.060456788784, 0.29461573042, 0.084932858599, 0.30470793508, 0.11537324666, 0.17870503707, 0.63331372329, 0.58230228659, 0.73358534889, 0.061978341633, 0.30232446675, 0.087709614034, 0.37883426073, 0.1439123852, 0.23144352569, 0.55002983834, 0.50738755155, 0.66368581351, 0.071135900931, 0.34870006325, 0.1048706608, 0.357226867, 0.13133743741, 0.21517995459, 0.56625249556, 0.50539815139, 0.67358597137, 0.076520637439, 0.36326441119, 0.11123407404]
    ]
  ],
  "maxiter": 3600,
  "param_threshold": 0.001,
  "ll_threshold": "-Inf",
  "initial_prob": "group_proportional"
}
