{
  "W": [
    [30, 27, 43],
    [42, 29, 29],
    [36, 31, 33],
    [41, 28, 31],
    [33, 39, 28],
    [34, 36, 30],
    [37, 40, 23],
    [50, 17, 33],
    [33, 34, 33],
    [29, 32, 39],
    [37, 28, 35],
    [27, 42, 31],
    [34, 37, 29],
    [42, 30, 28],
    [35, 34, 31],
    [38, 35, 27],
    [34, 37, 29],
    [29, 33, 38],
    [36, 29, 35],
    [35, 34, 31],
    [27, 37, 36],
    [30, 33, 37],
    [36, 36, 28],
    [34, 27, 39],
    [29, 40, 31],
    [35, 34, 31],
    [30, 41, 29],
    [31, 32, 37],
    [31, 38, 31],
    [34, 40, 26],
    [27, 35, 38],
    [24, 38, 38],
    [32, 42, 26],
    [29, 40, 31],
    [26, 41, 33],
    [32, 28, 40],
    [35, 33, 32],
    [37, 27, 36],
    [34, 26, 40],
    [39, 25, 36],
    [33, 34, 33],
    [39, 24, 37],
    [31, 34, 35],
    [30, 35, 35],
    [27, 35, 38],
    [34, 31, 35],
    [35, 24, 41],
    [28, 42, 30],
    [34, 29, 37],
    [32, 34, 34]
  ],
  "X": [
    [32, 38, 30],
    [37, 30, 33],
    [37, 33, 30],
    [39, 27, 34],
    [38, 30, 32],
    [32, 35, 33],
    [34, 31, 35],
    [49, 26, 25],
    [30, 34, 36],
    [25, 30, 45],
    [29, 35, 36],
    [35, 32, 33],
    [35, 36, 29],
    [36, 29, 35],
    [33, 33, 34],
    [32, 25, 43],
    [35, 30, 35],
    [23, 38, 39],
    [36, 35, 29],
    [27, 36, 37],
    [26, 42, 32],
    [31, 32, 37],
    [29, 39, 32],
    [45, 32, 23],
    [26, 32, 42],
    [38, 27, 35],
    [33, 36, 31],
    [35, 36, 29],
    [24, 35, 41],
    [36, 32, 32],
    [28, 37, 35],
    [32, 33, 35],
    [26, 36, 38],
    [40, 25, 35],
    [32, 35, 33],
    [37, 31, 32],
    [33, 36, 31],
    [33, 40, 27],
    [34, 29, 37],
    [36, 36, 28],
    [39, 22, 39],
    [39, 36, 25],
    [28, 34, 38],
    [26, 40, 34],
    [31, 30, 39],
    [36, 36, 28],
    [39, 29, 32],
    [28, 31, 41],
    [28, 40, 32],
    [35, 34, 31]
  ],
  "real_prob": [
    [0.64559659062, 0.072320490424, 0.28208291895],
    [0.11084661922, 0.34793168482, 0.54122169596],
    [0.22352425455, 0.57512608788, 0.20134965758]
  ],
  "method": "exact",
  "prob": [
    [0.60240796451, 0.21219350563, 0.18539852986],
    [0.12350898941, 0.31620122918, 0.56028978141],
    [0.26824516075, 0.46528570052, 0.26646913873]
  ],
  "iterations": 116,
  "logLik": -279.757199822,
  "time": 582.338749,
  "message": "Converged",
  "status": 0,
  "cond_prob": [
    [
      [0.59285559501, 0.1203023872, 0.2550271557, 0.23368055963, 0.34928900944, 0.50136697573, 0.17346384536, 0.53040860336, 0.24360586857, 0.60820911288, 0.12249518526, 0.27251230643, 0.20028182676, 0.29685663127, 0.44756279205, 0.19150906036, 0.58064818347, 0.27992490152, 0.63751789115, 0.14064408588, 0.29361785626, 0.20346524666, 0.33069222298, 0.46738764267, 0.1590168622, 0.52866369114, 0.23899450108, 0.63489113756, 0.13210749821, 0.2990468842, 0.1723131561, 0.26386302766, 0.40474180082, 0.19279570634, 0.60402947413, 0.29621131498, 0.6775186857, 0.1619147446, 0.33311458331, 0.17600294714, 0.3102838688, 0.43181542362, 0.14647836717, 0.5278013866, 0.23506999307, 0.5910967477, 0.11874638115, 0.2542613619, 0.23065531486, 0.34162273481],
      [0.49531002804, 0.17824793744, 0.53963088404, 0.25042861005, 0.61240094566, 0.12615934642, 0.27368657191, 0.20789937741, 0.31588708545, 0.46401041817, 0.17969967693, 0.55795356813, 0.26230300993, 0.69134709297, 0.16790778891, 0.35085493758, 0.15876298507, 0.28342838201, 0.40132025007, 0.14988992196, 0.54866382908, 0.24782481235, 0.564105937, 0.10500880011, 0.23679408713, 0.2285017079, 0.31345750932, 0.47884510068, 0.20739235511, 0.58153369057, 0.28436081218, 0.50302169045, 0.078788863742, 0.20233659839, 0.20795043476, 0.23992651216, 0.41773817956, 0.28902787479, 0.6812846241, 0.37992522205, 0.52034449266, 0.089131220144, 0.20718798878, 0.24682632432, 0.31104065072, 0.49023679372, 0.23282918302, 0.59982812914, 0.3025752175, 0.67243000208],
      [0.15966867755, 0.32704211247, 0.18195764447, 0.31891368719, 0.44170221733, 0.14561235344, 0.52141763526, 0.2312556702, 0.63208632102, 0.14199758265, 0.28466050094, 0.22431826788, 0.37167371015, 0.50418109022, 0.1435954111, 0.48632870719, 0.21115840884, 0.59729908888, 0.11619387961, 0.26527220995, 0.19730883332, 0.28245788578, 0.43711758669, 0.2053920778, 0.60134823462, 0.29761020335, 0.59637411624, 0.11896318574, 0.26071476182, 0.21622648006, 0.31784874642, 0.47178115547, 0.1873994037, 0.56318806784, 0.26750408271, 0.57107614604, 0.10055967961, 0.25109324682, 0.17525156074, 0.22722488892, 0.38472479925, 0.25367229321, 0.67221543147, 0.36418195394, 0.63296930395, 0.13431726574, 0.2934243046, 0.18867836382, 0.29522514144, 0.43660708265]
    ],
    [
      [0.17835233223, 0.57045759282, 0.26996861275, 0.47417948156, 0.07540346455, 0.17790738697, 0.27359717621, 0.32064141609, 0.51275039892, 0.25222334223, 0.60395511936, 0.30934221411, 0.6215354576, 0.13391986376, 0.27831564221, 0.21850308675, 0.3467525049, 0.48794474957, 0.15996145565, 0.51932763134, 0.23373960822, 0.51041139395, 0.086872694793, 0.19941708351, 0.26071089665, 0.32680809199, 0.5085046287, 0.2288777094, 0.58631921322, 0.29207828778, 0.539595783, 0.10145459541, 0.21325260636, 0.28107353279, 0.39003488273, 0.55499233205, 0.17933068421, 0.50851052186, 0.23175506159, 0.58975091169, 0.1132151695, 0.25868573124, 0.20291838003, 0.28710006763, 0.44427422615, 0.20733070828, 0.59968476287, 0.29704004262, 0.53882956539, 0.10059962835],
      [0.21359103662, 0.27671337829, 0.38072477008, 0.54757952353, 0.18445705633, 0.51867560157, 0.23882943985, 0.72572062198, 0.20315165037, 0.38052318699, 0.16710891949, 0.34447566633, 0.43634496786, 0.10717045853, 0.4523726833, 0.18313184515, 0.53529535617, 0.091973730417, 0.21927372433, 0.22348970148, 0.28332618313, 0.45760488168, 0.24121494235, 0.62470008646, 0.32312139399, 0.65962347451, 0.14548692936, 0.3215039611, 0.1630003721, 0.26493689899, 0.39635911003, 0.17737615339, 0.58957617166, 0.28213692888, 0.63180486607, 0.14094820556, 0.28506819275, 0.22105913259, 0.36402254599, 0.49804488403, 0.14713600133, 0.49502924845, 0.21688692322, 0.63607378295, 0.14228665087, 0.28996053786, 0.21441840068, 0.35354121095, 0.48755975212, 0.14950781637],
      [0.50417213818, 0.22247971002, 0.48943053595, 0.07899196374, 0.18793415366, 0.25792676413, 0.30690377469, 0.4949008669, 0.25264269992, 0.61410426157, 0.31716497945, 0.6509717669, 0.14817290382, 0.30538629895, 0.19744723961, 0.33160204762, 0.46241199802, 0.15158099349, 0.52022504856, 0.23220170304, 0.56577547691, 0.10724121646, 0.23606893546, 0.23852240602, 0.33349888093, 0.49703774223, 0.19570211707, 0.55925990261, 0.26689332231, 0.64019077154, 0.1391469977, 0.29862725186, 0.19028712821, 0.30518086731, 0.44305884119, 0.16952210025, 0.55567213499, 0.25831390695, 0.52371855575, 0.092017796355, 0.20677918343, 0.26133020239, 0.33878452651, 0.51571090038, 0.21495124186, 0.56919767713, 0.27750991619, 0.71773290073, 0.18212563697, 0.38389420646]
    ],
    [
      [0.13401742627, 0.25080703366, 0.35745849328, 0.148249673, 0.56706732937, 0.25864730027, 0.63719559841, 0.14124052193, 0.29218342552, 0.20752735378, 0.33959886607, 0.47517379675, 0.15527704781, 0.519160612, 0.23264277773, 0.64783711488, 0.14194954889, 0.30736562387, 0.18044956922, 0.29116339167, 0.42682597046, 0.1717133159, 0.56688705944, 0.26580840567, 0.59448039481, 0.12137799905, 0.25586600666, 0.23471164135, 0.35314694589, 0.50410135433, 0.17080796384, 0.52547505507, 0.24003263901, 0.57526628902, 0.11644613793, 0.23808615506, 0.26396360112, 0.39338322379, 0.5447777699, 0.16077010986, 0.49017063829, 0.21713607504, 0.59726231211, 0.11344947336, 0.26858487703, 0.18120921507, 0.25327574894, 0.40634293038, 0.22152847283, 0.6332747777],
      [0.32507219259, 0.60161743276, 0.12494588141, 0.26147980797, 0.23194558051, 0.35448939762, 0.50255242832, 0.16643698672, 0.52056472097, 0.23596776371, 0.67886354186, 0.14962477896, 0.34879577679, 0.12732833346, 0.20676431026, 0.32630843779, 0.19380812468, 0.64361091078, 0.32489578543, 0.63675637459, 0.144513455, 0.28913995867, 0.22109743772, 0.36933248183, 0.50035730717, 0.1421461877, 0.48615406317, 0.21050273416, 0.54439951409, 0.096657681677, 0.2239215396, 0.23070223086, 0.30188420566, 0.47383336716, 0.22489825504, 0.60145811266, 0.30224509323, 0.52112918519, 0.093011555002, 0.20316342912, 0.27736939443, 0.3650395941, 0.54007235353, 0.20150142038, 0.54194885089, 0.25676421735, 0.60714708767, 0.1187036784, 0.27506315497, 0.18359862558],
      [0.26467853166, 0.41523917109, 0.20925428676, 0.61661778993, 0.30969767394, 0.63377883269, 0.14193180977, 0.28718953102, 0.21916527728, 0.36167513695, 0.49532718078, 0.14705589003, 0.49639305328, 0.21748328821, 0.65090152952, 0.14130892882, 0.31285444329, 0.16905622958, 0.27004396397, 0.40492626414, 0.1800422409, 0.58864710721, 0.28221929257, 0.57490464186, 0.10655581394, 0.24757752809, 0.20660069109, 0.28269559856, 0.44473218366, 0.21849466705, 0.6107485875, 0.30769028825, 0.52199533808, 0.093439895297, 0.20384869032, 0.27716628574, 0.36532292546, 0.54005355261, 0.20083837618, 0.54123717924, 0.25609775707, 0.63550395987, 0.13990104032, 0.29138935039, 0.20610883318, 0.33449707194, 0.47151814389, 0.15838720696, 0.52560188774, 0.23709250571]
    ]
  ],
  "maxiter": 3600,
  "param_threshold": 0.001,
  "ll_threshold": "-Inf",
  "initial_prob": "group_proportional"
}
