{
  "W": [
    [36, 27, 37],
    [32, 33, 35],
    [39, 35, 26],
    [35, 33, 32],
    [37, 32, 31],
    [42, 28, 30],
    [41, 34, 25],
    [40, 26, 34],
    [37, 36, 27],
    [23, 38, 39],
    [30, 38, 32],
    [35, 28, 37],
    [33, 35, 32],
    [27, 41, 32],
    [31, 36, 33],
    [36, 32, 32],
    [33, 34, 33],
    [36, 33, 31],
    [37, 31, 32],
    [32, 34, 34],
    [33, 36, 31],
    [41, 25, 34],
    [34, 34, 32],
    [30, 38, 32],
    [27, 36, 37],
    [39, 28, 33],
    [30, 40, 30],
    [27, 33, 40],
    [39, 32, 29],
    [21, 39, 40],
    [20, 43, 37],
    [32, 30, 38],
    [25, 39, 36],
    [33, 32, 35],
    [36, 30, 34],
    [39, 26, 35],
    [29, 42, 29],
    [36, 31, 33],
    [23, 40, 37],
    [30, 29, 41],
    [34, 33, 33],
    [31, 36, 33],
    [43, 25, 32],
    [34, 35, 31],
    [32, 34, 34],
    [35, 34, 31],
    [34, 29, 37],
    [34, 30, 36],
    [40, 28, 32],
    [34, 36, 30]
  ],
  "X": [
    [24, 51, 25],
    [25, 44, 31],
    [29, 37, 34],
    [25, 44, 31],
    [24, 40, 36],
    [30, 42, 28],
    [24, 45, 31],
    [30, 43, 27],
    [27, 38, 35],
    [13, 57, 30],
    [21, 45, 34],
    [29, 45, 26],
    [22, 51, 27],
    [22, 38, 40],
    [22, 36, 42],
    [34, 34, 32],
    [19, 51, 30],
    [23, 44, 33],
    [25, 49, 26],
    [24, 44, 32],
    [28, 36, 36],
    [30, 46, 24],
    [23, 47, 30],
    [21, 48, 31],
    [17, 44, 39],
    [27, 48, 25],
    [20, 44, 36],
    [18, 53, 29],
    [35, 41, 24],
    [16, 49, 35],
    [17, 45, 38],
    [21, 48, 31],
    [19, 45, 36],
    [23, 47, 30],
    [25, 46, 29],
    [26, 52, 22],
    [20, 44, 36],
    [27, 45, 28],
    [17, 52, 31],
    [22, 50, 28],
    [24, 43, 33],
    [23, 41, 36],
    [28, 45, 27],
    [28, 37, 35],
    [26, 49, 25],
    [23, 50, 27],
    [19, 55, 26],
    [25, 48, 27],
    [28, 37, 35],
    [21, 48, 31]
  ],
  "real_prob": [
    [0.62208261047, 0.20575262365, 0.17216476587],
    [0.0095349715699, 0.27354882243, 0.716916206],
    [0.073216232753, 0.87648775889, 0.050296008353]
  ],
  "method": "exact",
  "prob": [
    [0.68026516684, 0.272286707, 0.047448126157],
    [0.0080468940387, 0.24822916479, 0.74372394117],
    [0.024960260809, 0.83631455086, 0.13872518833]
  ],
  "iterations": 152,
  "logLik": -254.2823009904,
  "time": 603.98563,
  "message": "Converged",
  "status": 0,
  "cond_prob": [
    [
      [0.64087702926, 0.0071336836144, 0.019886959159, 0.31512435848, 0.2830231538, 0.86524048492, 0.04399861226, 0.70984316258, 0.11487255592, 0.73825248628, 0.0095200278667, 0.030335986273, 0.22236809083, 0.2373734987, 0.83002558961, 0.03937942289, 0.75310647343, 0.13963842412, 0.7180577064, 0.0076902185, 0.02794583858, 0.23137985423, 0.20138916152, 0.80490634738, 0.050562439373, 0.79092061998, 0.16714781404, 0.68529020829, 0.0075130035953, 0.02396604973, 0.26759222734, 0.23876152171, 0.83609818208, 0.047117564376, 0.75372547469, 0.13993576819, 0.62883849781, 0.004469606018, 0.019030586729, 0.28973938218, 0.1650692423, 0.77411055181, 0.081422120016, 0.83046115169, 0.20685886147, 0.69152627678, 0.0074593247409, 0.024901176086, 0.25943039221, 0.2252596709],
      [0.8265550914, 0.049043331011, 0.76728100436, 0.14854373251, 0.57199109789, 0.0049553473295, 0.015195327098, 0.36787304047, 0.25323007902, 0.85229530616, 0.060135861642, 0.74181457365, 0.13250936674, 0.72048786124, 0.0083715904269, 0.028318358806, 0.23412852266, 0.22068043817, 0.82050493239, 0.045383616105, 0.77094797141, 0.1511767088, 0.70371068605, 0.0071664274194, 0.026100489964, 0.24302764447, 0.20126184181, 0.80602040183, 0.05326166948, 0.79157173077, 0.16787910821, 0.53505914954, 0.005183932833, 0.012734618282, 0.41791377316, 0.33175691815, 0.89182616224, 0.047027077305, 0.66305914901, 0.095439219475, 0.6675450987, 0.0071113612938, 0.021981728432, 0.28477551128, 0.2488619724, 0.84374936595, 0.047679390018, 0.74402666631, 0.13426890562, 0.77877746434],
      [0.012732586789, 0.037466927518, 0.19141310689, 0.25982335358, 0.83852668537, 0.029809428775, 0.72744405963, 0.12400638711, 0.63900148758, 0.0081565401472, 0.019608500152, 0.3256177715, 0.33769923828, 0.88859813127, 0.035380740929, 0.65414422157, 0.091793368574, 0.76166563732, 0.0087682819696, 0.033610257239, 0.1920077295, 0.18670063517, 0.78628328941, 0.046326633177, 0.80453108286, 0.18010645335, 0.6794245832, 0.0046976213384, 0.023294653106, 0.23496534488, 0.13268415315, 0.72543772107, 0.085610071912, 0.86261822551, 0.25126762583, 0.86910141117, 0.017825859213, 0.06693505322, 0.105476491, 0.18421328174, 0.75962566589, 0.025422097826, 0.79796085905, 0.17343928089, 0.55645189187, 0.0050105008459, 0.014143349685, 0.38821543769, 0.28056976545, 0.86816722821]
    ],
    [
      [0.05533267044, 0.71441973371, 0.1176894221, 0.61846264285, 0.0052052046626, 0.018179777536, 0.31711652373, 0.21439357664, 0.82286506827, 0.06442083342, 0.7804012187, 0.15895515419, 0.65104857701, 0.0079675283757, 0.020756539713, 0.3102532545, 0.30667556391, 0.87542772195, 0.038698168483, 0.68535690772, 0.10381573834, 0.7125622111, 0.0083303187079, 0.026905247313, 0.2434892851, 0.23431998136, 0.83063127972, 0.0439485038, 0.75734969993, 0.14246347296, 0.79788424592, 0.010702305954, 0.04143667324, 0.16213692596, 0.18248677151, 0.77677282803, 0.039978828121, 0.80681092253, 0.18179049873, 0.70441960119, 0.0089567357746, 0.026319939904, 0.25635476194, 0.26352526246, 0.85003891762, 0.039225636867, 0.72751800177, 0.12364114248, 0.64998593504, 0.0071167679246],
      [0.0205783781, 0.30456208594, 0.27051771898, 0.85772770727, 0.045451979018, 0.7223655131, 0.12169391463, 0.66632443732, 0.008187354797, 0.021848356195, 0.29505758212, 0.29763957217, 0.86993652481, 0.038617980562, 0.69417307303, 0.108215119, 0.60125373911, 0.0041040920204, 0.016713560306, 0.31608324139, 0.17582508038, 0.78746079969, 0.0826630195, 0.82007082759, 0.19582564, 0.6675830497, 0.0081229945792, 0.022327794348, 0.29247402151, 0.28707170701, 0.86531834438, 0.039942928785, 0.70480529841, 0.11235386127, 0.63898690941, 0.0061179175517, 0.019522533854, 0.30695435579, 0.2398828303, 0.83986853714, 0.054058734798, 0.75399925215, 0.140608929, 0.63058653904, 0.0068108688576, 0.01873511934, 0.32486467538, 0.28803101261, 0.86809075872, 0.04454878558],
      [0.70515811854, 0.11317412194, 0.83887292119, 0.02258564408, 0.053835015965, 0.14508373341, 0.32828652384, 0.85643329773, 0.016043345399, 0.64912783208, 0.089731686301, 0.69998312722, 0.0080800362366, 0.02463082288, 0.25762817919, 0.25252208483, 0.84353617321, 0.042388693593, 0.73939787893, 0.13183300391, 0.76537119878, 0.010619960789, 0.033403181363, 0.19963592422, 0.24051390517, 0.82878874576, 0.034992877001, 0.74886613404, 0.13780807287, 0.62871803083, 0.0055202296304, 0.018826740119, 0.31053755301, 0.2208550518, 0.82729333552, 0.060744416163, 0.77362471857, 0.15387992436, 0.70991759285, 0.0080027688844, 0.026109783117, 0.24498459896, 0.2316354301, 0.82893342366, 0.045097808184, 0.76036180101, 0.14495679322, 0.66664944158, 0.0071573519654, 0.02204380471]
    ],
    [
      [0.28591771731, 0.24996846032, 0.84473498852, 0.047432841107, 0.74287418771, 0.13322120676, 0.6675682697, 0.0070342010584, 0.022250478202, 0.283376991, 0.2417612966, 0.83957615959, 0.049054739298, 0.75120450234, 0.13817336221, 0.64314462026, 0.0081696554316, 0.020141393393, 0.32069675925, 0.32763785516, 0.88497834728, 0.036158620488, 0.66419248941, 0.094880259324, 0.65840566298, 0.0070136008051, 0.021091880679, 0.29444253302, 0.25768534475, 0.84959938148, 0.047151803997, 0.73530105444, 0.12930873784, 0.71660783388, 0.0093975429138, 0.027599822729, 0.24559808549, 0.2633280081, 0.84834244459, 0.037794080635, 0.72727444899, 0.12405773268, 0.68542173745, 0.009371036442, 0.023255637323, 0.28189997348, 0.32404115568, 0.87985552386, 0.032678289068, 0.66658780788],
      [0.096888838816, 0.69209576845, 0.0080753283347, 0.02446201036, 0.265044871, 0.2544878895, 0.8455732945, 0.042859360544, 0.73743678217, 0.12996469514, 0.67707972517, 0.0065644469239, 0.023110987749, 0.26756465085, 0.21101662735, 0.81634100511, 0.055355623983, 0.78241892572, 0.16054800714, 0.70598520208, 0.0070466982334, 0.026084169671, 0.23990121803, 0.19713910642, 0.80200164879, 0.054113579894, 0.79581419534, 0.17191418154, 0.63336814442, 0.0056548511696, 0.019493703461, 0.30599600905, 0.21764593065, 0.82503197952, 0.060635846532, 0.77669921819, 0.15547431702, 0.7791988298, 0.0098724002893, 0.037474379892, 0.17842122792, 0.18818829001, 0.78538993873, 0.042379942281, 0.80193930971, 0.17713568138, 0.76075465363, 0.014857997918, 0.033843504544, 0.21748900773],
      [0.3541172828, 0.88236365111, 0.021756338639, 0.63102471929, 0.083792844347, 0.63265923422, 0.0077213585861, 0.019174213234, 0.32948883893, 0.32518788714, 0.88424201531, 0.037851926845, 0.66709075428, 0.096583771451, 0.54012470542, 0.0049616481499, 0.013293843769, 0.40697147581, 0.29904423982, 0.8781266721, 0.052903818769, 0.69599411203, 0.10857948413, 0.70029604252, 0.0090081322908, 0.025546960707, 0.26178721096, 0.27545466051, 0.85654430589, 0.037916746516, 0.7155372072, 0.1179087334, 0.67778239122, 0.0048892036372, 0.023493957792, 0.23959156111, 0.13872754737, 0.73537394466, 0.082626047669, 0.85638324899, 0.24113209754, 0.59679906527, 0.0058655100501, 0.016589113969, 0.3526310536, 0.27913014292, 0.86539530108, 0.050569881134, 0.71500434703, 0.11801558495]
    ]
  ],
  "maxiter": 3600,
  "param_threshold": 0.001,
  "ll_threshold": "-Inf",
  "initial_prob": "group_proportional"
}
