{
  "W": [
    [33, 34, 33],
    [40, 29, 31],
    [27, 34, 39],
    [36, 41, 23],
    [34, 35, 31],
    [23, 38, 39],
    [37, 32, 31],
    [36, 37, 27],
    [40, 24, 36],
    [36, 28, 36],
    [34, 30, 36],
    [29, 23, 48],
    [30, 39, 31],
    [38, 27, 35],
    [33, 32, 35],
    [41, 24, 35],
    [44, 27, 29],
    [29, 38, 33],
    [31, 38, 31],
    [25, 41, 34],
    [26, 39, 35],
    [36, 37, 27],
    [36, 33, 31],
    [29, 35, 36],
    [30, 32, 38],
    [32, 40, 28],
    [32, 32, 36],
    [41, 31, 28],
    [37, 33, 30],
    [33, 34, 33],
    [30, 39, 31],
    [36, 31, 33],
    [30, 41, 29],
    [34, 28, 38],
    [29, 29, 42],
    [33, 28, 39],
    [27, 38, 35],
    [41, 31, 28],
    [27, 30, 43],
    [29, 36, 35],
    [32, 35, 33],
    [40, 36, 24],
    [35, 34, 31],
    [24, 46, 30],
    [45, 26, 29],
    [31, 30, 39],
    [34, 28, 38],
    [29, 44, 27],
    [39, 30, 31],
    [34, 30, 36]
  ],
  "X": [
    [38, 30, 32],
    [30, 35, 35],
    [34, 24, 42],
    [42, 24, 34],
    [43, 27, 30],
    [42, 22, 36],
    [41, 26, 33],
    [32, 26, 42],
    [38, 30, 32],
    [30, 37, 33],
    [31, 23, 46],
    [41, 21, 38],
    [33, 26, 41],
    [36, 35, 29],
    [32, 30, 38],
    [32, 28, 40],
    [36, 29, 35],
    [36, 34, 30],
    [31, 28, 41],
    [37, 25, 38],
    [39, 26, 35],
    [35, 28, 37],
    [33, 29, 38],
    [31, 21, 48],
    [34, 25, 41],
    [32, 29, 39],
    [41, 21, 38],
    [36, 35, 29],
    [31, 29, 40],
    [35, 27, 38],
    [36, 24, 40],
    [29, 31, 40],
    [28, 24, 48],
    [41, 29, 30],
    [36, 27, 37],
    [33, 25, 42],
    [35, 22, 43],
    [37, 35, 28],
    [39, 22, 39],
    [33, 29, 38],
    [32, 29, 39],
    [34, 35, 31],
    [37, 30, 33],
    [27, 27, 46],
    [35, 34, 31],
    [36, 28, 36],
    [41, 20, 39],
    [29, 24, 47],
    [39, 35, 26],
    [40, 33, 27]
  ],
  "real_prob": [
    [0.32475999766, 0.66751592781, 0.0077240745275],
    [0.24964368056, 0.1178756182, 0.63248070124],
    [0.46507132364, 0.054713290881, 0.48021538548]
  ],
  "method": "exact",
  "prob": [
    [0.27926821952, 0.58857061323, 0.13216116726],
    [0.26605318369, 0.15878025347, 0.57516656284],
    [0.51017360196, 0.088334997124, 0.40149140092]
  ],
  "iterations": 128,
  "logLik": -275.2890814299,
  "time": 621.326511,
  "message": "Converged",
  "status": 0,
  "cond_prob": [
    [
      [0.2798623619, 0.30277869537, 0.55969898226, 0.61778154454, 0.18605598933, 0.099615314942, 0.10235609356, 0.5111653153, 0.3406857028, 0.22328884769, 0.22963865988, 0.46480403083, 0.65407147468, 0.1873483122, 0.10980774061, 0.12263967763, 0.58301302792, 0.42538822856, 0.26755314737, 0.2404746111, 0.47692123702, 0.58446012531, 0.14571277116, 0.083726728129, 0.14798672731, 0.61381261774, 0.43935203485, 0.38512206574, 0.34699449319, 0.60473180054, 0.4874961968, 0.12255431363, 0.061974350268, 0.12738173745, 0.53045119318, 0.3332938492, 0.34182200034, 0.35285899047, 0.61380604265, 0.55598220924, 0.15990730622, 0.080640295744, 0.10219579041, 0.48723370332, 0.30555366161, 0.32181226252, 0.31909645957, 0.57622185893, 0.56313747597, 0.15492625845],
      [0.081042057226, 0.11505026151, 0.52597728198, 0.34273608385, 0.34693569245, 0.32102161041, 0.57711896277, 0.5260705183, 0.13568546365, 0.070756644715, 0.12699378925, 0.54329292593, 0.35212439251, 0.29013225985, 0.23801513289, 0.47217328625, 0.54161326621, 0.12377445243, 0.07119509914, 0.16825447395, 0.63821041469, 0.45663161461, 0.29546655932, 0.28567464587, 0.53680961462, 0.57973013411, 0.15616154527, 0.085081043025, 0.12480330657, 0.55816380886, 0.37810934235, 0.19227686667, 0.22717441728, 0.46436525323, 0.70873481444, 0.23302970827, 0.13779763469, 0.0989883189, 0.53979587445, 0.39783711208, 0.28051564354, 0.20595471005, 0.42455074495, 0.51662026624, 0.10547713392, 0.063072136946, 0.20286409022, 0.68856815603, 0.5123771181, 0.32794658896],
      [0.27701995462, 0.52329354091, 0.51787208328, 0.1213342693, 0.066479612313, 0.15418132776, 0.60164577608, 0.41022684677, 0.27185784189, 0.24872974317, 0.48850983096, 0.5855301877, 0.14890961509, 0.084729657429, 0.14261197041, 0.60236064174, 0.42676051161, 0.24586067131, 0.2857546022, 0.54119772088, 0.66096296381, 0.21396735197, 0.1173225392, 0.093176364882, 0.50027804583, 0.34147973992, 0.23848319128, 0.23638253425, 0.47330895977, 0.6327604654, 0.1743708283, 0.10111537532, 0.12875634333, 0.58924663745, 0.42557566491, 0.2729515122, 0.21869252378, 0.44458192654, 0.54937969303, 0.12265781979, 0.072332711736, 0.17766879477, 0.65864965643, 0.48308536172, 0.31408260558, 0.26925150601, 0.51415774801, 0.53399976496, 0.12780179008, 0.070805586546]
    ],
    [
      [0.15191762946, 0.60294670391, 0.41503666545, 0.22848893277, 0.29305564094, 0.55265777558, 0.69381216893, 0.24785150841, 0.13518453883, 0.0776988983, 0.45909285065, 0.31215768559, 0.24725313053, 0.23281019588, 0.46736662936, 0.61316990456, 0.16049826194, 0.093316096933, 0.13957696491, 0.60669154218, 0.43931727371, 0.2825749463, 0.28502163062, 0.53675704373, 0.5998083862, 0.16803100966, 0.091632910257, 0.1176166675, 0.54694735971, 0.37161004601, 0.28814789535, 0.30445253618, 0.56098588028, 0.60556856145, 0.17781046214, 0.094874553681, 0.1062835432, 0.51773700168, 0.34413956604, 0.29740961103, 0.275056298, 0.5228211473, 0.56717317509, 0.14615138596, 0.080524608017, 0.13541721388, 0.57879231605, 0.39665424468, 0.26850906604, 0.24837104902],
      [0.48830416145, 0.59128180811, 0.1522604741, 0.086750298803, 0.14020912585, 0.59936847688, 0.42494553975, 0.28274538955, 0.20940380973, 0.42975695452, 0.51726647566, 0.10632439123, 0.063275514244, 0.19998813479, 0.68427179904, 0.50696753124, 0.27158263802, 0.24097435553, 0.47740372322, 0.57791075462, 0.14238272386, 0.081748163102, 0.15050660736, 0.61664292061, 0.44084811368, 0.25638832679, 0.25041539813, 0.49210562919, 0.61439141354, 0.16696918123, 0.095025268485, 0.12922025967, 0.58261542064, 0.41286910233, 0.36390249976, 0.29907348074, 0.54957690622, 0.48049060044, 0.10986076649, 0.058576562724, 0.1556068998, 0.59106575276, 0.39184653105, 0.26969410922, 0.3005844937, 0.55801507919, 0.632724478, 0.19667986209, 0.10575788132, 0.097581412781],
      [0.5027356442, 0.33622703949, 0.25957085696, 0.22915299254, 0.46112765128, 0.58689773607, 0.14426336131, 0.084136428073, 0.15353140696, 0.62658364615, 0.45473592065, 0.28292958574, 0.26265223372, 0.50706508254, 0.58004935493, 0.14978862802, 0.083804785898, 0.13702105932, 0.58755913826, 0.40913013156, 0.30798761525, 0.27318250246, 0.51955657892, 0.54753074736, 0.13503615494, 0.074440888276, 0.14448163739, 0.5917813426, 0.4060025328, 0.22517580457, 0.21056220879, 0.43534068373, 0.63003608907, 0.16387347057, 0.098140097138, 0.14478810636, 0.62556432064, 0.46651921913, 0.25442209174, 0.20096424245, 0.41820011404, 0.56029462551, 0.12295195055, 0.074142457316, 0.18528328275, 0.676083807, 0.50765742864, 0.29776571462, 0.31869952411, 0.57769418494]
    ],
    [
      [0.60060613029, 0.17889335119, 0.093957308863, 0.10162815509, 0.50240712469, 0.3283485062, 0.25744530101, 0.2574131203, 0.50164537577, 0.61884370912, 0.17176982395, 0.096957322405, 0.12371098987, 0.57081705576, 0.40139730183, 0.27189544193, 0.22524547324, 0.45437377348, 0.55934616653, 0.12874370757, 0.075301351092, 0.16875839154, 0.64601081919, 0.47032487543, 0.29948934983, 0.2536607763, 0.49356223015, 0.54223187831, 0.12746681709, 0.071885721037, 0.15827877186, 0.61887240661, 0.43455204881, 0.27578926659, 0.31222454702, 0.57191711115, 0.63084834027, 0.19921414413, 0.10569927075, 0.093362393141, 0.48856130885, 0.3223836181, 0.30908903327, 0.27464349486, 0.52128584317, 0.54693890174, 0.13479104225, 0.074160892686, 0.14397206499, 0.5905654629],
      [0.40455326415, 0.23904000389, 0.24786248164, 0.48985115852, 0.642401834, 0.18510357242, 0.10590337734, 0.11855816211, 0.56703394594, 0.40424546414, 0.24608341598, 0.23942661995, 0.47713330274, 0.62205049933, 0.16827040691, 0.097118781205, 0.1318660847, 0.59230297314, 0.42574791605, 0.26297193981, 0.28936398703, 0.54433411978, 0.63563350527, 0.19510468234, 0.10628713437, 0.10139455492, 0.51553133063, 0.34937874585, 0.28453665732, 0.29466083903, 0.54912091829, 0.6044400039, 0.17432162624, 0.094118211983, 0.11102333878, 0.53101753474, 0.35676086972, 0.20793915549, 0.2022283268, 0.42356524118, 0.65341296184, 0.17635082372, 0.10686503416, 0.13864788267, 0.62142084948, 0.46956972466, 0.2785933339, 0.27672400173, 0.52649916998, 0.60028862803],
      [0.16638179192, 0.091761556855, 0.12111803807, 0.55689420634, 0.38173927317, 0.26289700411, 0.26432485875, 0.51078069513, 0.61565345757, 0.17199823809, 0.096276812121, 0.12144953832, 0.56367690316, 0.39294249275, 0.3742849369, 0.28629939532, 0.53310339674, 0.45109851064, 0.096056476197, 0.051922876442, 0.17461655246, 0.61764412848, 0.41497372681, 0.26331088638, 0.2154249662, 0.44019576972, 0.56290592605, 0.12796125141, 0.075756780834, 0.17378318757, 0.65661378239, 0.48404744945, 0.27490113672, 0.32977370718, 0.59308530492, 0.64296755237, 0.21506817865, 0.11200709994, 0.082131310915, 0.45515811417, 0.29490759514, 0.26684319965, 0.32506340432, 0.5882063634, 0.65248098393, 0.22136957528, 0.11595998022, 0.080675816413, 0.4535670204, 0.29583365638]
    ]
  ],
  "maxiter": 3600,
  "param_threshold": 0.001,
  "ll_threshold": "-Inf",
  "initial_prob": "group_proportional"
}
