{
  "W": [
    [34, 30, 36],
    [39, 34, 27],
    [34, 29, 37],
    [37, 31, 32],
    [31, 39, 30],
    [46, 30, 24],
    [37, 35, 28],
    [35, 35, 30],
    [29, 34, 37],
    [31, 40, 29],
    [47, 27, 26],
    [32, 35, 33],
    [35, 34, 31],
    [27, 35, 38],
    [30, 33, 37],
    [34, 34, 32],
    [39, 33, 28],
    [34, 27, 39],
    [28, 34, 38],
    [33, 32, 35],
    [31, 37, 32],
    [32, 39, 29],
    [42, 22, 36],
    [34, 29, 37],
    [36, 37, 27],
    [28, 40, 32],
    [29, 35, 36],
    [37, 35, 28],
    [31, 38, 31],
    [32, 35, 33],
    [39, 28, 33],
    [33, 34, 33],
    [33, 33, 34],
    [30, 33, 37],
    [37, 29, 34],
    [34, 37, 29],
    [31, 35, 34],
    [28, 35, 37],
    [31, 25, 44],
    [31, 38, 31],
    [38, 26, 36],
    [30, 39, 31],
    [30, 33, 37],
    [36, 24, 40],
    [29, 37, 34],
    [31, 33, 36],
    [30, 34, 36],
    [30, 39, 31],
    [34, 34, 32],
    [28, 33, 39]
  ],
  "X": [
    [24, 25, 51],
    [16, 21, 63],
    [22, 25, 53],
    [25, 30, 45],
    [28, 27, 45],
    [22, 36, 42],
    [21, 32, 47],
    [24, 32, 44],
    [23, 26, 51],
    [22, 25, 53],
    [26, 31, 43],
    [23, 33, 44],
    [17, 35, 48],
    [22, 31, 47],
    [25, 31, 44],
    [28, 22, 50],
    [19, 29, 52],
    [23, 31, 46],
    [29, 24, 47],
    [20, 28, 52],
    [27, 28, 45],
    [23, 27, 50],
    [27, 28, 45],
    [27, 30, 43],
    [27, 30, 43],
    [18, 20, 62],
    [21, 24, 55],
    [25, 27, 48],
    [22, 25, 53],
    [23, 24, 53],
    [24, 28, 48],
    [24, 24, 52],
    [22, 24, 54],
    [28, 27, 45],
    [33, 20, 47],
    [20, 25, 55],
    [21, 27, 52],
    [28, 21, 51],
    [26, 24, 50],
    [20, 28, 52],
    [27, 27, 46],
    [19, 35, 46],
    [24, 25, 51],
    [30, 28, 42],
    [19, 26, 55],
    [22, 30, 48],
    [19, 27, 54],
    [25, 25, 50],
    [23, 29, 48],
    [23, 23, 54]
  ],
  "real_prob": [
    [0.33582448637, 0.5201980483, 0.14397746533],
    [0.040630141085, 0.16917256976, 0.79019728915],
    [0.32453655714, 0.09551904065, 0.57994440221]
  ],
  "method": "exact",
  "prob": [
    [0.24484832758, 0.4240483817, 0.33110329072],
    [0.10095782967, 0.22531743105, 0.67372473929],
    [0.35986862897, 0.16657094247, 0.47356042856]
  ],
  "iterations": 116,
  "logLik": -266.5120588729,
  "time": 404.986409,
  "message": "Converged",
  "status": 0,
  "cond_prob": [
    [
      [0.24631935087, 0.097681932468, 0.35263011379, 0.39712591591, 0.20200726306, 0.15104169354, 0.35655473323, 0.70031080447, 0.49632819267, 0.18459970144, 0.061477557288, 0.24853239615, 0.33234181721, 0.14199674643, 0.11891776854, 0.48305848135, 0.79652569628, 0.63254983532, 0.22368891691, 0.086089698359, 0.32156690737, 0.40037709637, 0.19758346925, 0.15289886798, 0.37593398672, 0.71632683239, 0.52553422465, 0.2533483104, 0.1096527665, 0.38208989855, 0.44744245769, 0.24860608787, 0.17930751067, 0.29920923192, 0.64174114562, 0.43860259077, 0.30389387545, 0.13623348142, 0.44220613618, 0.41502591459, 0.23900475231, 0.16043371025, 0.28108020996, 0.62476176627, 0.39736015356, 0.22602075335, 0.10016511598, 0.35825382776, 0.49187409921, 0.28001947784],
      [0.20721696255, 0.28210514744, 0.61981540618, 0.43452920969, 0.2201812974, 0.093750345111, 0.34185821133, 0.47279911145, 0.2584806584, 0.19498606544, 0.30701959115, 0.64776899649, 0.46315572323, 0.24680250659, 0.11028097094, 0.38340260956, 0.47433520474, 0.27217974615, 0.1957325573, 0.27886228868, 0.61753928292, 0.42086483314, 0.23625181274, 0.0960457739, 0.34819300319, 0.42478073161, 0.22149961522, 0.16622626664, 0.33896745565, 0.68245461088, 0.48558073017, 0.24831058673, 0.099091270747, 0.35650762006, 0.39968873585, 0.2047598684, 0.15238808458, 0.35200067743, 0.69614886085, 0.49110429537, 0.26781709708, 0.11543182304, 0.3959975852, 0.42953251566, 0.23778891062, 0.1689104299, 0.30265038726, 0.64677926634, 0.4350919849, 0.22894722603],
      [0.10312829407, 0.36558177196, 0.49825055588, 0.28811949159, 0.21126666686, 0.27280221809, 0.60875221435, 0.42315156118, 0.16931882293, 0.071566245455, 0.27872867264, 0.52246889911, 0.28337720027, 0.22834721684, 0.30821227796, 0.64505655427, 0.49292411052, 0.21408473826, 0.09347049362, 0.34074328396, 0.4947469903, 0.27711110853, 0.20902480167, 0.29116827145, 0.62941839785, 0.45023191437, 0.2432916003, 0.10932982913, 0.38090182783, 0.48126057364, 0.27754689191, 0.2000847394, 0.27544782606, 0.61312327896, 0.41901343277, 0.30662526417, 0.12432163985, 0.41711891449, 0.34773711, 0.18099453904, 0.12572262289, 0.34563762583, 0.69468382111, 0.45715846262, 0.20282726182, 0.079375341568, 0.30251251848, 0.43497469603, 0.21847836052, 0.17236431993]
    ],
    [
      [0.36219804215, 0.70214629792, 0.5251231616, 0.2162291722, 0.092197334171, 0.33740718263, 0.47743673464, 0.26109083363, 0.19788970549, 0.30633409316, 0.6467118322, 0.46470311187, 0.2999900551, 0.12893502038, 0.42674967801, 0.39273625254, 0.21661464703, 0.148381235, 0.30727369236, 0.65445033259, 0.42486908699, 0.20342473351, 0.080621656988, 0.30591687916, 0.44273276489, 0.2250425441, 0.17681306707, 0.3538425016, 0.69433579891, 0.51727005378, 0.28441670981, 0.12675110593, 0.42166534614, 0.4322541943, 0.24737907218, 0.17022169707, 0.28332909588, 0.6258698219, 0.40811295679, 0.25341839906, 0.10528507304, 0.37187908213, 0.42117366862, 0.2246736381, 0.16414381788, 0.32540793233, 0.67004128887, 0.46397709999, 0.26079765577, 0.10849374275],
      [0.37943433658, 0.41378400551, 0.22085265547, 0.16006425967, 0.32541833871, 0.67065360178, 0.46050140375, 0.26132251785, 0.11657025444, 0.39822964904, 0.45744581169, 0.26187614562, 0.18520092378, 0.28123167047, 0.62155359994, 0.41656942719, 0.28990319004, 0.13187787119, 0.43274088609, 0.43900645956, 0.2565989351, 0.17413358731, 0.2710903504, 0.61152319372, 0.3931255266, 0.20998316492, 0.073721874105, 0.28661238807, 0.34721017512, 0.15631845938, 0.12579302255, 0.44280665996, 0.76995966652, 0.58759458938, 0.2229279779, 0.085653833882, 0.32047790153, 0.40010168713, 0.19713179996, 0.15270661319, 0.37697033497, 0.71721436616, 0.52681548528, 0.27162307168, 0.11356713576, 0.39196773557, 0.40582849795, 0.21790298453, 0.15563361133, 0.32254843036],
      [0.66852987971, 0.4523986531, 0.2425678106, 0.096262089194, 0.34911091878, 0.40191752681, 0.20469993982, 0.15361157922, 0.35551466259, 0.69903797099, 0.497277502, 0.24868695116, 0.097510303605, 0.35239869505, 0.38691686336, 0.19465477468, 0.14562858359, 0.36439618548, 0.70783492171, 0.50197272136, 0.24281659242, 0.099144819005, 0.35618478677, 0.42082445557, 0.22049135294, 0.16406328334, 0.33635895201, 0.68036382806, 0.47975192989, 0.25800591065, 0.10208304853, 0.36409034238, 0.3831836132, 0.19454341924, 0.14365043971, 0.35881047615, 0.70337353223, 0.49225921791, 0.23439505895, 0.089925365036, 0.33227723554, 0.38683181977, 0.19036515475, 0.14566176003, 0.37877312128, 0.71970948022, 0.52206100443, 0.28247304516, 0.12451934997, 0.41666675935]
    ],
    [
      [0.42743907739, 0.24183286121, 0.16746873672, 0.29008787745, 0.63364778882, 0.41586450393, 0.35259953536, 0.14576929108, 0.4625443456, 0.31127152292, 0.1652028349, 0.10859033647, 0.33612894172, 0.68902787403, 0.42886531793, 0.22312146957, 0.085197096972, 0.31936473954, 0.39584101551, 0.19397780028, 0.15049058146, 0.38103751492, 0.72082510274, 0.530144679, 0.21971563628, 0.088009086986, 0.32672050679, 0.43262406932, 0.22230831296, 0.17081949698, 0.3476602944, 0.68968260005, 0.50245999623, 0.3018957642, 0.12232760162, 0.41257979853, 0.35219694789, 0.18310203704, 0.12783551791, 0.34590728791, 0.69457036134, 0.45958468356, 0.25019344119, 0.099807942155, 0.35792738112, 0.39668153838, 0.20281989143, 0.15073579601, 0.35312502042, 0.69737216641],
      [0.49133682287, 0.21501626386, 0.08688627645, 0.32363926823, 0.4437824875, 0.23013385444, 0.17734375545, 0.34120124864, 0.68297986911, 0.49901697632, 0.26719237746, 0.11171465846, 0.38728079268, 0.41022630261, 0.22007320236, 0.15804158998, 0.32258131993, 0.66821213918, 0.45467761734, 0.19221399244, 0.085583323434, 0.31922034235, 0.53065846683, 0.3033164937, 0.23390008841, 0.27712754073, 0.61110018286, 0.44687956924, 0.24774270339, 0.10001761663, 0.35857128512, 0.40776425323, 0.21115407365, 0.15672940467, 0.34449304338, 0.68882830972, 0.48469931021, 0.28387922249, 0.12569743197, 0.41909024058, 0.42860353288, 0.24349297838, 0.16816103338, 0.28751724463, 0.63080958965, 0.41274872604, 0.20279633739, 0.078598631843, 0.30031637757, 0.42793293583],
      [0.21271800687, 0.16821701785, 0.36927072679, 0.70868336128, 0.53146660458, 0.21838059704, 0.092459510897, 0.33830660089, 0.47071167442, 0.2556760147, 0.19362860022, 0.31090772854, 0.6518644744, 0.46806479889, 0.19532554822, 0.076172962289, 0.29306535654, 0.44015948218, 0.22010307951, 0.17532530086, 0.36451496959, 0.7037239582, 0.5316093426, 0.27571280489, 0.11486525384, 0.39512486947, 0.39898300752, 0.21340892972, 0.15185682307, 0.32530418758, 0.67172581644, 0.45301830746, 0.23839652381, 0.10026328478, 0.35892395337, 0.44512156976, 0.24028227753, 0.17800841225, 0.31648190643, 0.65945443769, 0.46306763438, 0.23908383649, 0.092701315322, 0.33965408135, 0.38907496703, 0.19341093864, 0.14675230637, 0.37184119649, 0.71388774604, 0.51359361228]
    ]
  ],
  "maxiter": 3600,
  "param_threshold": 0.001,
  "ll_threshold": "-Inf",
  "initial_prob": "group_proportional"
}
