{
  "W": [
    [57, 25, 18],
    [54, 24, 22],
    [62, 19, 19],
    [55, 25, 20],
    [49, 29, 22],
    [52, 31, 17],
    [52, 19, 29],
    [57, 22, 21],
    [50, 21, 29],
    [46, 29, 25],
    [55, 30, 15],
    [50, 23, 27],
    [48, 26, 26],
    [51, 26, 23],
    [56, 26, 18],
    [53, 23, 24],
    [47, 28, 25],
    [24, 52, 24],
    [21, 58, 21],
    [26, 54, 20],
    [19, 51, 30],
    [23, 56, 21],
    [28, 55, 17],
    [24, 52, 24],
    [28, 49, 23],
    [21, 49, 30],
    [22, 46, 32],
    [25, 52, 23],
    [22, 59, 19],
    [20, 55, 25],
    [29, 49, 22],
    [27, 52, 21],
    [22, 58, 20],
    [21, 33, 46],
    [28, 22, 50],
    [25, 21, 54],
    [22, 26, 52],
    [21, 23, 56],
    [18, 23, 59],
    [23, 23, 54],
    [30, 19, 51],
    [21, 25, 54],
    [23, 18, 59],
    [28, 18, 54],
    [21, 26, 53],
    [26, 24, 50],
    [22, 25, 53],
    [22, 26, 52],
    [22, 21, 57],
    [19, 21, 60]
  ],
  "X": [
    [48, 33, 19],
    [49, 29, 22],
    [55, 19, 26],
    [48, 27, 25],
    [46, 35, 19],
    [45, 30, 25],
    [46, 33, 21],
    [48, 27, 25],
    [43, 30, 27],
    [42, 38, 20],
    [47, 24, 29],
    [43, 34, 23],
    [41, 29, 30],
    [45, 34, 21],
    [48, 25, 27],
    [51, 26, 23],
    [44, 28, 28],
    [25, 42, 33],
    [20, 39, 41],
    [25, 39, 36],
    [19, 49, 32],
    [20, 48, 32],
    [26, 42, 32],
    [22, 47, 31],
    [22, 43, 35],
    [28, 47, 25],
    [22, 52, 26],
    [22, 40, 38],
    [24, 49, 27],
    [22, 36, 42],
    [27, 34, 39],
    [27, 47, 26],
    [21, 44, 35],
    [20, 48, 32],
    [25, 50, 25],
    [24, 51, 25],
    [20, 50, 30],
    [23, 54, 23],
    [20, 49, 31],
    [19, 53, 28],
    [27, 58, 15],
    [24, 54, 22],
    [18, 49, 33],
    [25, 54, 21],
    [19, 55, 26],
    [27, 48, 25],
    [18, 55, 27],
    [18, 50, 32],
    [23, 45, 32],
    [20, 56, 24]
  ],
  "real_prob": [
    [0.84231516257, 0.0013888471978, 0.15629599024],
    [0.035055549361, 0.50824936936, 0.45669508127],
    [0.015621723357, 0.71278837708, 0.27158989957]
  ],
  "method": "exact",
  "prob": [
    [0.84431940095, 0.037230362696, 0.11845023635],
    [0.046912908481, 0.47654252983, 0.47654456169],
    [0.027200324233, 0.73321763995, 0.23958203582]
  ],
  "iterations": 40,
  "logLik": -255.7833848996,
  "time": 89.074302,
  "message": "Converged",
  "status": 0,
  "cond_prob": [
    [
      [0.82197765265, 0.033512313574, 0.017192553303, 0.059745926565, 0.59427910858, 0.8187502484, 0.11827642078, 0.37220857784, 0.16405719829, 0.87097766345, 0.053562642045, 0.0309864893, 0.030738839723, 0.46883999367, 0.73127012759, 0.098283496826, 0.47759736429, 0.23774338311, 0.85833266767, 0.055982326481, 0.037879494813, 0.020638359435, 0.32893569882, 0.60371807566, 0.1210289729, 0.6150819747, 0.35840242953, 0.84252997182, 0.04495302517, 0.026851296025, 0.033620332523, 0.43954075965, 0.708118136, 0.12384969565, 0.51550621518, 0.26503056798, 0.89083591914, 0.05767053146, 0.030754297726, 0.033805648638, 0.55076831478, 0.7896019131, 0.075358432225, 0.39156115376, 0.17964378917, 0.83387325528, 0.040305046659, 0.022890251702, 0.041263751367, 0.48888494435],
      [0.74699127377, 0.12486299335, 0.47081000899, 0.23011847453, 0.85345261212, 0.045777502033, 0.025885918319, 0.037062251725, 0.49186551862, 0.74921786402, 0.10948513616, 0.46235697935, 0.22489621766, 0.81883243175, 0.03848378052, 0.022852772331, 0.038984663743, 0.44531433997, 0.71337898511, 0.14218290451, 0.51620187951, 0.26376824256, 0.82748612547, 0.041748847583, 0.025826480242, 0.033098957749, 0.40874964417, 0.68142446845, 0.13941491678, 0.54950150825, 0.29274905131, 0.86935119279, 0.047581913575, 0.025198785517, 0.040790830026, 0.55958932669, 0.79582125379, 0.089857977183, 0.39282875973, 0.1789799607, 0.82480468087, 0.041576845413, 0.025895812643, 0.032785856175, 0.40204756201, 0.67569007, 0.14240946295, 0.55637559257, 0.29841411736, 0.83031620614],
      [0.038868933469, 0.02185941567, 0.04333086013, 0.49856379175, 0.75431443642, 0.12635293373, 0.46256727478, 0.22382614791, 0.81867543822, 0.040151429979, 0.025370837929, 0.032592188672, 0.39051963551, 0.66469478541, 0.14873237311, 0.56932893451, 0.30993437666, 0.85009423918, 0.042753256145, 0.023200397481, 0.042931101514, 0.53410145635, 0.77929895468, 0.10697465931, 0.4231452875, 0.19750064784, 0.82917545432, 0.042266101486, 0.025958662195, 0.033362952192, 0.4142775941, 0.68669206836, 0.13746159349, 0.54345630441, 0.28734926944, 0.90586887679, 0.078583563725, 0.049230315193, 0.018167004594, 0.39361040481, 0.66600456025, 0.075964118619, 0.52780603147, 0.28476512456, 0.87845058884, 0.061716565117, 0.039390340056, 0.021770903517, 0.3799413278, 0.65353641425]
    ],
    [
      [0.099778507646, 0.55834210708, 0.3070732457, 0.88266818609, 0.057776290741, 0.033816517301, 0.027680351542, 0.46109592195, 0.72327848423, 0.089651462365, 0.48112778731, 0.24290499847, 0.82246958046, 0.038432920032, 0.023763307074, 0.034545797951, 0.41248351923, 0.68335686322, 0.14298462159, 0.54908356074, 0.29287982971, 0.84798036378, 0.044774029847, 0.026735646504, 0.033111759542, 0.44342909631, 0.70969615255, 0.11890787668, 0.51179687384, 0.26356820094, 0.85034655797, 0.041898452096, 0.023553144725, 0.039132936364, 0.50191779913, 0.75528888177, 0.11052050567, 0.45618374877, 0.2211579735, 0.78848676075, 0.027669408888, 0.015015124052, 0.06026890346, 0.53902314337, 0.78231043769, 0.15124433579, 0.43330744774, 0.20267443826, 0.83810485758, 0.03926880792],
      [0.02195762071, 0.042730785216, 0.50715833942, 0.75940172622, 0.1191643572, 0.45357285266, 0.21864065307, 0.82298643819, 0.034486708708, 0.018959026278, 0.048928146433, 0.5248557151, 0.77221780419, 0.12808541538, 0.4406575762, 0.20882316953, 0.73553297247, 0.022622330128, 0.012894895419, 0.064324696226, 0.48987357329, 0.74761319192, 0.20014233131, 0.48750409658, 0.23949191266, 0.94729743007, 0.12311265832, 0.069141123693, 0.015614724359, 0.49568803941, 0.74611256192, 0.03708784557, 0.38119930227, 0.18474631439, 0.8691531251, 0.045687175025, 0.024281912393, 0.040819852155, 0.55835224407, 0.79430500079, 0.090027022741, 0.39596058091, 0.18141308681, 0.79521538346, 0.032188494298, 0.019383204782, 0.042772565988, 0.43687816224, 0.70491397452, 0.16201205055],
      [0.53093334346, 0.2757028207, 0.8998352562, 0.060877521945, 0.032202661522, 0.032502236806, 0.56212336346, 0.79577222875, 0.067662506998, 0.3769991146, 0.17202510973, 0.87909673711, 0.061889589835, 0.040565512675, 0.020221698539, 0.35977627951, 0.63231482625, 0.10068156435, 0.57833413066, 0.32711966107, 0.83557966735, 0.043898275153, 0.028053371114, 0.028996740937, 0.3823260897, 0.65568709624, 0.13542359172, 0.57377563514, 0.31625953264, 0.88088413904, 0.050959131787, 0.026964447287, 0.037937812004, 0.56241329352, 0.79667561014, 0.081178048957, 0.3866275747, 0.17635994257, 0.83351441633, 0.038352995358, 0.021910455504, 0.041204867956, 0.48644973675, 0.74397040867, 0.12528071572, 0.47519726789, 0.23411913582, 0.83612274931, 0.040355023843, 0.024124053864]
    ],
    [
      [0.035440925605, 0.44293683057, 0.70953967725, 0.12843632509, 0.51670814559, 0.26633626889, 0.82744300209, 0.036533301755, 0.020557266056, 0.044380948102, 0.50037356919, 0.75498229862, 0.12817604981, 0.46309312905, 0.22446043533, 0.86238623343, 0.047001479539, 0.026913205445, 0.034154669997, 0.48256104111, 0.74096947013, 0.10345909658, 0.47043747935, 0.23211732443, 0.81754760767, 0.035477521891, 0.020991097346, 0.040404633275, 0.45282899145, 0.71802969789, 0.14204775905, 0.51169348666, 0.26097920477, 0.9098507974, 0.071416835695, 0.04018832203, 0.024524818732, 0.49756833479, 0.75073048404, 0.06562438387, 0.43101482951, 0.20908119393, 0.8918518702, 0.06578946074, 0.041245910837, 0.020981036443, 0.39814370847, 0.66889891609, 0.087167093358, 0.5360668308],
      [0.28985517307, 0.76601863779, 0.025709167963, 0.014634453106, 0.057355429556, 0.49054897239, 0.74811479176, 0.17662593265, 0.48374185964, 0.23725075513, 0.84890570155, 0.035057440414, 0.016994854623, 0.061487226748, 0.65907272129, 0.85554904888, 0.089607071706, 0.30586983829, 0.1274560965, 0.92349156962, 0.083650735543, 0.046581641655, 0.021903180813, 0.5068591334, 0.75682509015, 0.054605249566, 0.40949013105, 0.1965932682, 0.72781556823, 0.023113556254, 0.01430843929, 0.051689573563, 0.41254377812, 0.68449748817, 0.22049485821, 0.56434266563, 0.30119407254, 0.83300798892, 0.035731318278, 0.019122455208, 0.049921340006, 0.5509447019, 0.79046662677, 0.11707067107, 0.41332397982, 0.19041091802, 0.81761802911, 0.033027779179, 0.01832639868, 0.048857298374],
      [0.51514998459, 0.76566221009, 0.13352467252, 0.45182223623, 0.21601139123, 0.90045211889, 0.067512416134, 0.039358938433, 0.024094516245, 0.46352947349, 0.72497670427, 0.075453364864, 0.46895811037, 0.23566435729, 0.75881360291, 0.02401627285, 0.013314979523, 0.063874495821, 0.51687347012, 0.76741366677, 0.17731190127, 0.45911025703, 0.2192713537, 0.75319109455, 0.025107539546, 0.01494230561, 0.05293513442, 0.44837552671, 0.71495506439, 0.19387377103, 0.52651693374, 0.27010263, 0.88225896856, 0.062077937721, 0.040116947359, 0.020653526878, 0.37197065836, 0.64446032602, 0.09708750456, 0.56595140391, 0.31542272662, 0.8884026244, 0.05687316851, 0.032100226627, 0.029462290508, 0.49603588717, 0.7503910475, 0.082135085088, 0.44709094432, 0.21750872588]
    ]
  ],
  "maxiter": 3600,
  "param_threshold": 0.001,
  "ll_threshold": "-Inf",
  "initial_prob": "group_proportional"
}
