{
  "W": [
    [51, 23, 26],
    [58, 18, 24],
    [50, 23, 27],
    [45, 31, 24],
    [54, 25, 21],
    [50, 23, 27],
    [55, 21, 24],
    [50, 24, 26],
    [52, 21, 27],
    [56, 20, 24],
    [49, 23, 28],
    [60, 22, 18],
    [49, 26, 25],
    [54, 16, 30],
    [53, 25, 22],
    [50, 32, 18],
    [49, 35, 16],
    [18, 58, 24],
    [12, 62, 26],
    [29, 48, 23],
    [24, 49, 27],
    [18, 65, 17],
    [26, 52, 22],
    [25, 52, 23],
    [23, 57, 20],
    [22, 53, 25],
    [22, 55, 23],
    [32, 48, 20],
    [25, 50, 25],
    [31, 46, 23],
    [24, 52, 24],
    [26, 52, 22],
    [22, 56, 22],
    [19, 24, 57],
    [25, 19, 56],
    [38, 27, 35],
    [25, 21, 54],
    [28, 28, 44],
    [28, 21, 51],
    [17, 26, 57],
    [20, 25, 55],
    [21, 21, 58],
    [16, 26, 58],
    [18, 29, 53],
    [23, 23, 54],
    [24, 22, 54],
    [29, 21, 50],
    [29, 24, 47],
    [19, 24, 57],
    [24, 23, 53]
  ],
  "X": [
    [41, 44, 15],
    [39, 42, 19],
    [47, 41, 12],
    [34, 54, 12],
    [43, 46, 11],
    [41, 47, 12],
    [39, 48, 13],
    [38, 49, 13],
    [39, 44, 17],
    [40, 47, 13],
    [39, 41, 20],
    [46, 40, 14],
    [47, 39, 14],
    [37, 42, 21],
    [50, 42, 8],
    [50, 34, 16],
    [46, 42, 12],
    [42, 42, 16],
    [45, 35, 20],
    [35, 49, 16],
    [35, 51, 14],
    [52, 35, 13],
    [35, 47, 18],
    [56, 30, 14],
    [34, 50, 16],
    [38, 39, 23],
    [40, 44, 16],
    [34, 50, 16],
    [38, 42, 20],
    [48, 37, 15],
    [44, 41, 15],
    [31, 52, 17],
    [35, 45, 20],
    [31, 51, 18],
    [26, 46, 28],
    [42, 41, 17],
    [38, 37, 25],
    [32, 55, 13],
    [30, 61, 9],
    [32, 47, 21],
    [32, 45, 23],
    [23, 56, 21],
    [35, 42, 23],
    [38, 46, 16],
    [34, 58, 8],
    [32, 50, 18],
    [35, 47, 18],
    [36, 47, 17],
    [29, 51, 20],
    [35, 54, 11]
  ],
  "real_prob": [
    [0.52244393841, 0.41747018534, 0.06008587625],
    [0.48592523372, 0.36617493084, 0.14789983545],
    [0.1654003081, 0.56026380295, 0.27433588895]
  ],
  "method": "exact",
  "prob": [
    [0.49640515165, 0.41064452755, 0.092950320806],
    [0.45835969265, 0.37626426477, 0.16537604258],
    [0.19592257177, 0.572162691, 0.23191473723]
  ],
  "iterations": 31,
  "logLik": -291.0294667792,
  "time": 52.633111,
  "message": "Converged",
  "status": 0,
  "cond_prob": [
    [
      [0.49770016426, 0.45824852783, 0.19529136472, 0.40661880655, 0.37177284902, 0.56583328225, 0.095681029186, 0.16997862315, 0.23887535304, 0.47031868223, 0.42033033321, 0.17314876803, 0.39888666934, 0.35402990976, 0.52050145012, 0.13079464843, 0.22563975703, 0.30634978185, 0.56441337354, 0.53016139284, 0.24391182547, 0.36327801342, 0.33883244177, 0.55714641363, 0.072308613034, 0.13100616539, 0.1989417609, 0.41019988435, 0.38434683247, 0.15109389157, 0.51347125527, 0.47767929091, 0.67023897895, 0.076328860385, 0.13797387662, 0.17866712948, 0.50005662156, 0.4701457015, 0.20206189993, 0.42820890712, 0.39972355555, 0.61350619652, 0.071734471325, 0.13013074295, 0.18443190356, 0.49751003362, 0.46652856252, 0.19979042152, 0.42776689521, 0.39829866018],
      [0.60928837241, 0.074723071169, 0.13517277729, 0.19092120607, 0.46578701244, 0.43260359764, 0.1790432819, 0.44830418076, 0.41342717949, 0.61088747036, 0.085908806798, 0.15396922287, 0.21006924775, 0.46154897699, 0.42977471078, 0.17722915737, 0.4554443797, 0.42109984198, 0.62005326182, 0.083006643304, 0.14912544725, 0.2027175808, 0.479484602, 0.43597958333, 0.18189738688, 0.41013411896, 0.37034127301, 0.55169848448, 0.11038127904, 0.19367914366, 0.26640412864, 0.47678000479, 0.44274425309, 0.18522644458, 0.43721993089, 0.40314520498, 0.60219915711, 0.08600006432, 0.15411054193, 0.21257439831, 0.48698436814, 0.43598978458, 0.18250003271, 0.38439156196, 0.34178890573, 0.51084530829, 0.1286240699, 0.22222130969, 0.306654659, 0.52570777483],
      [0.48365525033, 0.21206211126, 0.37793152215, 0.34523767526, 0.54049332307, 0.096360703013, 0.17110707442, 0.24744456567, 0.5613428919, 0.52105131103, 0.23787456841, 0.35276337923, 0.32514973851, 0.53042804866, 0.08589372887, 0.15379895046, 0.23169738293, 0.46764993931, 0.41502346721, 0.17021759339, 0.39317261749, 0.34657053304, 0.50745167091, 0.1391774432, 0.23840599975, 0.3223307357, 0.5755477503, 0.55177410156, 0.25916439522, 0.37516485318, 0.35708613642, 0.59950497142, 0.049287396521, 0.091139762021, 0.14133063336, 0.57575101718, 0.52635908961, 0.2427199041, 0.32085714146, 0.29126427478, 0.47981589635, 0.10339184137, 0.18237663561, 0.27746419955, 0.52105000316, 0.48714412325, 0.2136565957, 0.40096095445, 0.37217907645, 0.58291534729]
    ],
    [
      [0.077989042391, 0.1406768003, 0.20342805702, 0.51550901507, 0.47811210831, 0.20793064362, 0.39715427624, 0.36573565679, 0.56827312225, 0.087336708685, 0.15615223491, 0.22379623413, 0.56652693828, 0.51718855596, 0.23599947196, 0.32817288366, 0.29750665908, 0.48525048205, 0.10530017807, 0.18530478496, 0.27875004599, 0.42845802666, 0.39486943834, 0.15743409507, 0.47629842567, 0.43584512345, 0.62029477086, 0.095243547674, 0.1692854382, 0.22227113407, 0.43766931004, 0.40903313138, 0.16493752302, 0.48319961959, 0.44837832484, 0.64565448935, 0.07913107037, 0.14258854378, 0.18940798763, 0.59902570444, 0.56354219798, 0.26984085006, 0.330529704, 0.3087168281, 0.52846302949, 0.070444591558, 0.12774097391, 0.20169612045, 0.42976075089, 0.39210151654],
      [0.15622461893, 0.46327789293, 0.41968984597, 0.59685921787, 0.10696135617, 0.18820863748, 0.24691616319, 0.66010620975, 0.61886080888, 0.31811229108, 0.2660108644, 0.24762898443, 0.45534874782, 0.073882925858, 0.1335102067, 0.2265389611, 0.41042989168, 0.37875399278, 0.14855674514, 0.49566546601, 0.45413964954, 0.6356867129, 0.093904642316, 0.16710635768, 0.21575654196, 0.48371698356, 0.43135947047, 0.17984697707, 0.38272619494, 0.33893844746, 0.50465143985, 0.1335568215, 0.22970208208, 0.31550158308, 0.48846679748, 0.45196151435, 0.19112378982, 0.4212834521, 0.38703496754, 0.58455829735, 0.09024975042, 0.1610035181, 0.22431791283, 0.40807473094, 0.37514551656, 0.14673119074, 0.49363147394, 0.45056130379, 0.62884251261, 0.098293795123],
      [0.17429317965, 0.22442629665, 0.47708748288, 0.43170568305, 0.17950115102, 0.40664593356, 0.36539755525, 0.54255895593, 0.11626658355, 0.2028967617, 0.27793989305, 0.57401581264, 0.53319228198, 0.24689847119, 0.34090360772, 0.31442479368, 0.52036728919, 0.085080579642, 0.15238292434, 0.23273423962, 0.53453007384, 0.49748125471, 0.22092720762, 0.3822966812, 0.3532810873, 0.56059429631, 0.083173244966, 0.14923765798, 0.21847849607, 0.38104219863, 0.34926238887, 0.13323902793, 0.51701328661, 0.47052218392, 0.64047731748, 0.10194451476, 0.18021542722, 0.22628365459, 0.43436708422, 0.39273006386, 0.1568654805, 0.44805204203, 0.402246964, 0.57350114052, 0.11758087376, 0.20502297214, 0.26963337898, 0.48790001262, 0.4521246151, 0.19085805259]
    ],
    [
      [0.42376403086, 0.39008361879, 0.58923643093, 0.08833595652, 0.15779176611, 0.21990551648, 0.42670098842, 0.37362299706, 0.14702925617, 0.41772276539, 0.36351469644, 0.51160985059, 0.1555762462, 0.2628623065, 0.34136089324, 0.54377640891, 0.50049506836, 0.22351798901, 0.36043187245, 0.32947534189, 0.52593584617, 0.095791718636, 0.17002958975, 0.25054616482, 0.57508973667, 0.5169140084, 0.23643634087, 0.3015978369, 0.26936827546, 0.44080222765, 0.12331242643, 0.21371771614, 0.32276143149, 0.44883814546, 0.42288857291, 0.17253754286, 0.4814261409, 0.4504434161, 0.65699210009, 0.069735713645, 0.12666801099, 0.17047035705, 0.44030143733, 0.42358463297, 0.17208396985, 0.51324149467, 0.49027684641, 0.71242008578, 0.046457068006, 0.086138520626],
      [0.11549594437, 0.50656622519, 0.46372864901, 0.19879700522, 0.3911168417, 0.35570768858, 0.54565989101, 0.10231693311, 0.18056366241, 0.25554310376, 0.50169731526, 0.45394675438, 0.19304336064, 0.38232638108, 0.34371018995, 0.52292213872, 0.11597630366, 0.20234305568, 0.28403450063, 0.38276705983, 0.34733319077, 0.13220508168, 0.5038907103, 0.45429002482, 0.61858973384, 0.11334222987, 0.19837678442, 0.24920518448, 0.55235432867, 0.50293695511, 0.22562017083, 0.33936793625, 0.30701687198, 0.49289093704, 0.10827773508, 0.1900461729, 0.28148889213, 0.55963527184, 0.52471932332, 0.23980574963, 0.36589837342, 0.34074369436, 0.55721249325, 0.07446635474, 0.13453698232, 0.20298175712, 0.50035209243, 0.48483306899, 0.21001372754, 0.46157180274],
      [0.44408710722, 0.68833046428, 0.038076104823, 0.071079823791, 0.10165580818, 0.48912622082, 0.45213353629, 0.19100060929, 0.41968848145, 0.38536813232, 0.58239588026, 0.091185297724, 0.16249833138, 0.22660351045, 0.5122816458, 0.47267670428, 0.20435242964, 0.39459479158, 0.36166013584, 0.55923776383, 0.09312356262, 0.16566315988, 0.23640980653, 0.51352033031, 0.47570072958, 0.20619346619, 0.39791086241, 0.36611952892, 0.56752587864, 0.088568807276, 0.1581797415, 0.22628065517, 0.46407433265, 0.4254413648, 0.17494727938, 0.43500825596, 0.39618447699, 0.58291957349, 0.10091741138, 0.17837415821, 0.24213314713, 0.51355179765, 0.49089866011, 0.21479410705, 0.43340625712, 0.41140463203, 0.64407440174, 0.053041945234, 0.097696707856, 0.1411314912]
    ]
  ],
  "maxiter": 3600,
  "param_threshold": 0.001,
  "ll_threshold": "-Inf",
  "initial_prob": "group_proportional"
}
