{
  "W": [
    [60, 22, 18],
    [54, 19, 27],
    [52, 22, 26],
    [65, 16, 19],
    [54, 23, 23],
    [51, 27, 22],
    [50, 28, 22],
    [46, 31, 23],
    [47, 22, 31],
    [58, 21, 21],
    [56, 23, 21],
    [56, 19, 25],
    [52, 26, 22],
    [49, 17, 34],
    [62, 18, 20],
    [62, 21, 17],
    [42, 39, 19],
    [22, 50, 28],
    [17, 59, 24],
    [17, 49, 34],
    [22, 53, 25],
    [21, 56, 23],
    [28, 53, 19],
    [25, 56, 19],
    [21, 57, 22],
    [25, 55, 20],
    [23, 56, 21],
    [17, 55, 28],
    [21, 56, 23],
    [26, 49, 25],
    [23, 52, 25],
    [13, 63, 24],
    [31, 48, 21],
    [27, 31, 42],
    [23, 22, 55],
    [23, 27, 50],
    [29, 17, 54],
    [29, 22, 49],
    [15, 29, 56],
    [21, 26, 53],
    [23, 26, 51],
    [22, 31, 47],
    [24, 23, 53],
    [28, 29, 43],
    [24, 16, 60],
    [18, 29, 53],
    [24, 17, 59],
    [23, 23, 54],
    [25, 22, 53],
    [21, 16, 63]
  ],
  "X": [
    [66, 10, 24],
    [62, 18, 20],
    [63, 19, 18],
    [68, 13, 19],
    [73, 10, 17],
    [70, 17, 13],
    [62, 18, 20],
    [49, 19, 32],
    [58, 18, 24],
    [58, 16, 26],
    [67, 16, 17],
    [59, 23, 18],
    [67, 14, 19],
    [61, 14, 25],
    [57, 18, 25],
    [59, 19, 22],
    [59, 17, 24],
    [58, 24, 18],
    [55, 25, 20],
    [59, 18, 23],
    [54, 18, 28],
    [47, 22, 31],
    [57, 21, 22],
    [54, 17, 29],
    [49, 22, 29],
    [50, 22, 28],
    [53, 20, 27],
    [55, 19, 26],
    [51, 26, 23],
    [46, 26, 28],
    [51, 26, 23],
    [42, 31, 27],
    [48, 29, 23],
    [57, 19, 24],
    [52, 20, 28],
    [58, 17, 25],
    [54, 21, 25],
    [59, 13, 28],
    [52, 18, 30],
    [59, 18, 23],
    [54, 19, 27],
    [56, 21, 23],
    [53, 20, 27],
    [56, 19, 25],
    [62, 18, 20],
    [57, 18, 25],
    [57, 26, 17],
    [55, 17, 28],
    [62, 15, 23],
    [62, 14, 24]
  ],
  "real_prob": [
    [0.71159461136, 0.1359794874, 0.15242590124],
    [0.37037813948, 0.34315069508, 0.28647116544],
    [0.6664022326, 0.11234037743, 0.22125738997]
  ],
  "method": "exact",
  "prob": [
    [0.72524392793, 0.11104009456, 0.16371597751],
    [0.41637073019, 0.29462924415, 0.28900002566],
    [0.56958485289, 0.16911717429, 0.26129797282]
  ],
  "iterations": 25,
  "logLik": -269.6603902695,
  "time": 36.6583,
  "message": "Converged",
  "status": 0,
  "cond_prob": [
    [
      [0.75075386385, 0.46208066277, 0.59938853266, 0.066218153006, 0.18991210609, 0.10271358253, 0.18302798314, 0.34800723114, 0.29789788481, 0.72216842648, 0.40686257526, 0.56564874223, 0.12418123579, 0.32584954945, 0.18900266029, 0.15365033773, 0.26728787529, 0.24534859748, 0.7388239663, 0.42391166457, 0.58673450507, 0.12591023399, 0.33642775405, 0.19427912474, 0.13526579971, 0.23966058138, 0.21898637019, 0.75613941282, 0.45664615993, 0.60761050567, 0.093042098101, 0.26198605536, 0.14528877566, 0.15081848908, 0.28136778471, 0.24710071866, 0.81945217752, 0.5564588852, 0.69352295889, 0.060762745231, 0.19225088683, 0.099871363497, 0.11978507725, 0.25129022797, 0.20660567762, 0.80687839738, 0.51634508444, 0.67763111152, 0.10158841241, 0.3027287622],
      [0.16569610854, 0.091533190209, 0.18092615336, 0.15667277993, 0.7401979849, 0.43057091352, 0.5879143262, 0.11265986484, 0.30508957146, 0.1738408526, 0.14714215027, 0.26433951501, 0.23824482119, 0.62528288515, 0.31598924307, 0.4539704673, 0.12553773563, 0.29519553594, 0.17713924116, 0.24917937922, 0.38881522098, 0.36889029154, 0.69927189024, 0.38500151082, 0.53755444906, 0.12024539565, 0.30820505759, 0.17961145605, 0.18048271411, 0.30679343159, 0.2828340949, 0.68015151816, 0.36871091307, 0.514680132, 0.11275954721, 0.28465660138, 0.16581703013, 0.20708893463, 0.34663248555, 0.31950283787, 0.76950126298, 0.46801331546, 0.62588681037, 0.10366071457, 0.29370198099, 0.16380259148, 0.12683802245, 0.23828470356, 0.21031059815, 0.6926492117],
      [0.3646449246, 0.53133562309, 0.16447037037, 0.40314875546, 0.24519331622, 0.14288041793, 0.23220631993, 0.2234710607, 0.7770215588, 0.48539749908, 0.63520654392, 0.086115857901, 0.25052368652, 0.13674361544, 0.1368625833, 0.2640788144, 0.22804984065, 0.71601138295, 0.41065407434, 0.5568918521, 0.09602708768, 0.25651112264, 0.14511716526, 0.18796152937, 0.33283480302, 0.29799098264, 0.66042868192, 0.34425241778, 0.49284391005, 0.13363219243, 0.3243672967, 0.19380963645, 0.20593912566, 0.33138028552, 0.3133464535, 0.68483687897, 0.36585281621, 0.52101202139, 0.13631724877, 0.33914182776, 0.201550129, 0.17884587226, 0.29500535603, 0.27743784961, 0.73740230149, 0.43436637813, 0.58362182054, 0.09546699197, 0.26158939999, 0.14675788093]
    ],
    [
      [0.16713070654, 0.30404422188, 0.26962029852, 0.77265562445, 0.46672464827, 0.63090513746, 0.11610466851, 0.32585076324, 0.18404139753, 0.11123970704, 0.20742458849, 0.18505346502, 0.76537171103, 0.45904698144, 0.62103787531, 0.11408076388, 0.31776562677, 0.17968562644, 0.1205475251, 0.22318739178, 0.19927649825, 0.77971023425, 0.49022831116, 0.63893349325, 0.084048934204, 0.2454332347, 0.13367469466, 0.13624083154, 0.26433845414, 0.22739181209, 0.73726972606, 0.43775465678, 0.5831627687, 0.087124287516, 0.24034208818, 0.13380540003, 0.17560598643, 0.32190325504, 0.28303183126, 0.68220415462, 0.37108596874, 0.51708254363, 0.11198626235, 0.28313707838, 0.16489617832, 0.20580958304, 0.34577695287, 0.31802127805, 0.75830859247, 0.45579913195],
      [0.6110529167, 0.1020631231, 0.28506325339, 0.15967790125, 0.13962828443, 0.25913761466, 0.22926918206, 0.73590771899, 0.43857345719, 0.58116807487, 0.081267644793, 0.22501129026, 0.12461455925, 0.18282463621, 0.33641525255, 0.29421736588, 0.70240781316, 0.39209023896, 0.54092237741, 0.10903407203, 0.28284723158, 0.16309055851, 0.18855811482, 0.32506252946, 0.29598706408, 0.70336336892, 0.39223245564, 0.54215653582, 0.11139207393, 0.28872091329, 0.16677739604, 0.18524455714, 0.31904663107, 0.29106606814, 0.73266384664, 0.42886745821, 0.57772161273, 0.096406585107, 0.2621931603, 0.14761102694, 0.17092956825, 0.30893938149, 0.27466736033, 0.75503924418, 0.45803584363, 0.60615576606, 0.088127150892, 0.24829655396, 0.13734028453, 0.15683360493],
      [0.29366760241, 0.25650394941, 0.72313567687, 0.40661210765, 0.56712490249, 0.12848225645, 0.33573133896, 0.19569207099, 0.14838206668, 0.25765655339, 0.23718302652, 0.6581364122, 0.33923086429, 0.4906456373, 0.14470964307, 0.3468665545, 0.2096435244, 0.19715394474, 0.31390258121, 0.29971083831, 0.71505452371, 0.39656035699, 0.55730429565, 0.13340639581, 0.3439003264, 0.20195343693, 0.15153908048, 0.25953931661, 0.24074226742, 0.66322295969, 0.34055291245, 0.49680283499, 0.15631263142, 0.37313111082, 0.22752815875, 0.18046440889, 0.28631597673, 0.27566900626, 0.67103404119, 0.34524130126, 0.50601725061, 0.16418389377, 0.3928722148, 0.24059204679, 0.16478206504, 0.26188648394, 0.2533907026, 0.73080849379, 0.42193391825, 0.575909981]
    ],
    [
      [0.1088655922, 0.29233115191, 0.16662769765, 0.16032591401, 0.28573492984, 0.25746232135, 0.68007712293, 0.36472844972, 0.5151672778, 0.12591807765, 0.31415119732, 0.18531923405, 0.19400479942, 0.32112035297, 0.29951348815, 0.73863320289, 0.43493572644, 0.58536343439, 0.097757405972, 0.26772857346, 0.15045816358, 0.16360939114, 0.2973357001, 0.26417840202, 0.6828676279, 0.36327411944, 0.51891071779, 0.13924791429, 0.34468873507, 0.20559448128, 0.17788445781, 0.29203714549, 0.27549480093, 0.73176319029, 0.43470193605, 0.57582499773, 0.078927990512, 0.21818113137, 0.12063476296, 0.1893088192, 0.34711693258, 0.30354023932, 0.70021540597, 0.3918012765, 0.53811664093, 0.10341952141, 0.26908648031, 0.15437855804, 0.19636507262, 0.3391122432],
      [0.30750480104, 0.74872261464, 0.4443253271, 0.59857295449, 0.10283217556, 0.28381339125, 0.15964860643, 0.14844520979, 0.27186128165, 0.24177843908, 0.70328000371, 0.39125012205, 0.54219719101, 0.11400517079, 0.29501048302, 0.17073742183, 0.18271482551, 0.31373939493, 0.28706538716, 0.72968972902, 0.4168980959, 0.57495712742, 0.11912296716, 0.31649014947, 0.18230000189, 0.15118730382, 0.26661175463, 0.24274287069, 0.68913188596, 0.37380181566, 0.52572439579, 0.12454195105, 0.31426161708, 0.18458445249, 0.18632616299, 0.31193656725, 0.28969115172, 0.71807022366, 0.40716156677, 0.56014763491, 0.1119987032, 0.29540120062, 0.16970701145, 0.16993107313, 0.29743723262, 0.27014535364, 0.75733725693, 0.45077719535, 0.61019117847, 0.11097154868],
      [0.30735720633, 0.17364945884, 0.13169119439, 0.24186559832, 0.21615936269, 0.73940740662, 0.43470615175, 0.58649411849, 0.10060651918, 0.27502581296, 0.15496856753, 0.1599860742, 0.29026803529, 0.25853731398, 0.71788399307, 0.38835742223, 0.56218149133, 0.16609439406, 0.41798261796, 0.25267847521, 0.11602161286, 0.19365995981, 0.18514003347, 0.70761730926, 0.3993706012, 0.54702366776, 0.10335803605, 0.27136932784, 0.15520871538, 0.18902465468, 0.32926007095, 0.29776761686, 0.76267039603, 0.46714535215, 0.61615174249, 0.08780030465, 0.25020173217, 0.13774630709, 0.14952929932, 0.28265291567, 0.24610195042, 0.7600694568, 0.46536820658, 0.61258174765, 0.084750539314, 0.24146200951, 0.1326483575, 0.15518000389, 0.29316978391, 0.25476989485]
    ]
  ],
  "maxiter": 3600,
  "param_threshold": 0.001,
  "ll_threshold": "-Inf",
  "initial_prob": "group_proportional"
}
