{
  "W": [
    [47, 31, 22],
    [59, 22, 19],
    [48, 30, 22],
    [52, 28, 20],
    [58, 26, 16],
    [52, 27, 21],
    [50, 21, 29],
    [61, 21, 18],
    [48, 25, 27],
    [48, 27, 25],
    [53, 25, 22],
    [54, 19, 27],
    [59, 23, 18],
    [54, 23, 23],
    [50, 25, 25],
    [56, 25, 19],
    [45, 36, 19],
    [26, 56, 18],
    [22, 50, 28],
    [20, 58, 22],
    [25, 53, 22],
    [24, 45, 31],
    [17, 56, 27],
    [26, 51, 23],
    [26, 50, 24],
    [24, 47, 29],
    [24, 53, 23],
    [21, 53, 26],
    [29, 52, 19],
    [21, 52, 27],
    [27, 52, 21],
    [20, 54, 26],
    [23, 53, 24],
    [27, 34, 39],
    [21, 26, 53],
    [27, 24, 49],
    [19, 20, 61],
    [25, 21, 54],
    [22, 30, 48],
    [19, 24, 57],
    [19, 29, 52],
    [17, 24, 59],
    [22, 22, 56],
    [33, 14, 53],
    [22, 23, 55],
    [16, 24, 60],
    [28, 25, 47],
    [25, 22, 53],
    [25, 18, 57],
    [31, 18, 51]
  ],
  "X": [
    [32, 25, 43],
    [36, 22, 42],
    [36, 22, 42],
    [30, 19, 51],
    [28, 23, 49],
    [26, 27, 47],
    [40, 18, 42],
    [37, 19, 44],
    [25, 22, 53],
    [27, 26, 47],
    [38, 21, 41],
    [34, 13, 53],
    [37, 23, 40],
    [30, 18, 52],
    [29, 16, 55],
    [37, 18, 45],
    [27, 25, 48],
    [23, 39, 38],
    [22, 36, 42],
    [26, 32, 42],
    [33, 29, 38],
    [25, 29, 46],
    [23, 34, 43],
    [30, 30, 40],
    [26, 26, 48],
    [28, 29, 43],
    [35, 30, 35],
    [23, 41, 36],
    [36, 30, 34],
    [29, 29, 42],
    [22, 40, 38],
    [35, 30, 35],
    [36, 31, 33],
    [32, 31, 37],
    [28, 27, 45],
    [34, 28, 38],
    [38, 20, 42],
    [27, 25, 48],
    [31, 28, 41],
    [25, 28, 47],
    [28, 25, 47],
    [28, 24, 48],
    [24, 24, 52],
    [29, 21, 50],
    [32, 22, 46],
    [36, 18, 46],
    [29, 28, 43],
    [34, 24, 42],
    [27, 18, 55],
    [28, 26, 46]
  ],
  "real_prob": [
    [0.38320891009, 0.04610856675, 0.57068252316],
    [0.21864328229, 0.50188451702, 0.27947220069],
    [0.28768184139, 0.23886071771, 0.47345744091]
  ],
  "method": "exact",
  "prob": [
    [0.37941786933, 0.09220376293, 0.52837836774],
    [0.23373098242, 0.4889319426, 0.27733707498],
    [0.29344589684, 0.19222495731, 0.51432914585]
  ],
  "iterations": 35,
  "logLik": -275.1617048667,
  "time": 84.597367,
  "message": "Converged",
  "status": 0,
  "cond_prob": [
    [
      [0.38899952986, 0.23033023981, 0.29894475738, 0.098959236305, 0.51112238834, 0.2047328116, 0.51204123384, 0.25854737185, 0.49632243102, 0.41781394387, 0.23901191661, 0.32056395508, 0.10555929737, 0.52842968772, 0.21823938554, 0.47662675876, 0.23255839568, 0.46119665938, 0.42712216202, 0.27009764876, 0.33614576182, 0.084592574351, 0.46659966961, 0.17916210649, 0.48828526363, 0.26330268163, 0.48469213168, 0.34647835512, 0.2339361421, 0.27164567775, 0.0732905505, 0.43202098452, 0.15461519037, 0.58023109438, 0.33404287338, 0.57373913188, 0.32841058066, 0.19155771927, 0.24823035129, 0.10304435718, 0.52563327515, 0.20981013311, 0.56854506216, 0.28280900558, 0.54195951559, 0.31716973763, 0.1699416071, 0.23422620245, 0.12262733524, 0.57404474035],
      [0.24400812275, 0.56020292712, 0.25601365255, 0.5217656748, 0.46045764501, 0.30050981598, 0.36780729703, 0.077529078919, 0.44231589103, 0.16672111526, 0.46201327607, 0.25717429299, 0.46547158771, 0.42040052003, 0.25914125579, 0.32853343925, 0.089514672242, 0.4832119303, 0.18845302539, 0.49008480773, 0.25764681391, 0.48301353536, 0.29803425097, 0.18318072806, 0.2264754723, 0.092643175052, 0.49741589848, 0.18954556058, 0.60932257398, 0.31940337346, 0.58397896712, 0.33023210401, 0.18421775401, 0.24699918598, 0.11309873644, 0.55091944586, 0.22785742451, 0.55666915955, 0.26486280013, 0.52514338952, 0.44370631247, 0.27283113938, 0.34830849794, 0.08981176388, 0.48254233076, 0.18983719297, 0.46648192365, 0.24462652986, 0.46185430909, 0.37818389951],
      [0.28159700761, 0.30473060304, 0.054987825327, 0.35848750628, 0.11923684493, 0.56682827517, 0.35991548611, 0.57603255203, 0.43196363259, 0.24182407075, 0.3306773361, 0.11016439578, 0.53954518607, 0.22726452052, 0.45787197163, 0.21863074318, 0.44205814338, 0.343883322, 0.22841944134, 0.26855015049, 0.076284662602, 0.443135083, 0.16037049177, 0.5798320154, 0.32844547566, 0.57107935775, 0.33007872563, 0.23841352074, 0.261429028, 0.061309469076, 0.38675256278, 0.13062849906, 0.6086118053, 0.37483391647, 0.60794247293, 0.42156763974, 0.28087857298, 0.33527620264, 0.074297356569, 0.4326964791, 0.15904926603, 0.50413500369, 0.28642494793, 0.50567453133, 0.32911858203, 0.2052899819, 0.25259076106, 0.089327655767, 0.48543025882, 0.18446137751]
    ],
    [
      [0.5815537622, 0.30927975927, 0.56294786143, 0.32908265413, 0.17933826815, 0.24449488757, 0.11926251206, 0.56442372688, 0.23841366562, 0.55165483381, 0.25623800497, 0.51709144681, 0.30915423179, 0.17474034348, 0.23077106167, 0.1112337221, 0.54596739048, 0.2233745925, 0.57961204611, 0.27929226605, 0.54585434583, 0.34795514378, 0.22573985659, 0.27036297466, 0.081670496468, 0.45888534393, 0.17051091468, 0.57037435975, 0.31537479949, 0.55912611066, 0.42700868791, 0.28060233457, 0.33876632135, 0.077591424248, 0.44191268755, 0.16540190699, 0.49539988784, 0.27748497788, 0.49583177165, 0.32720637737, 0.2075392379, 0.25186391089, 0.086327164091, 0.47533117909, 0.17865306461, 0.58646645854, 0.31712958301, 0.5694830245, 0.31755062961, 0.19728363953],
      [0.24273168455, 0.090916698524, 0.48947939528, 0.1867988885, 0.59153267186, 0.31323696519, 0.57046942695, 0.39220764712, 0.24999947034, 0.30663600815, 0.084201048737, 0.46551282795, 0.1769399351, 0.52359130414, 0.28448770171, 0.51642405675, 0.32662711035, 0.22710172746, 0.25635869824, 0.068795331028, 0.41459498127, 0.14506551374, 0.60457755862, 0.35830329127, 0.59857578802, 0.36541806015, 0.23377943792, 0.28421837842, 0.083926415466, 0.46589538657, 0.17547182276, 0.55065552438, 0.30032517551, 0.54030979882, 0.45853871404, 0.29453421839, 0.36455466471, 0.081470791495, 0.45361082354, 0.17405771116, 0.45999049447, 0.25185495807, 0.46138762412, 0.34117900556, 0.17586742845, 0.25054873751, 0.13236692984, 0.59278133919, 0.26164936523, 0.52645406459],
      [0.23135123235, 0.48780189726, 0.46804700108, 0.29554300782, 0.37149476642, 0.084664150244, 0.46371212698, 0.18061626525, 0.44728884867, 0.2407448652, 0.44788896833, 0.37833957152, 0.25051559826, 0.29733547736, 0.077047666372, 0.44209817454, 0.16269977519, 0.5446127621, 0.3073862272, 0.53996474746, 0.3181669716, 0.16396975313, 0.2325268859, 0.1327642718, 0.59480700179, 0.26120955086, 0.5490687566, 0.24122324507, 0.50626356325, 0.4612700603, 0.30012057379, 0.36800337728, 0.078924658319, 0.44486884226, 0.16917651352, 0.45980528138, 0.25501058395, 0.46282010919, 0.47742482991, 0.30026545006, 0.37938166913, 0.085347076185, 0.46533211109, 0.18226730667, 0.43722809391, 0.23440243886, 0.43835102419, 0.42462539652, 0.23356516719, 0.32292047716]
    ],
    [
      [0.11499792426, 0.55043070337, 0.23539518283, 0.46037667922, 0.21600412944, 0.44168434, 0.3661022629, 0.21306893444, 0.27871811667, 0.10332051266, 0.52347947704, 0.21169439304, 0.53057722444, 0.26345158852, 0.50958749029, 0.43885540843, 0.24020757415, 0.33440657536, 0.1157208213, 0.55175796432, 0.2374152384, 0.44542377027, 0.20803446153, 0.42817818624, 0.46825150104, 0.30945522221, 0.37564126289, 0.075262823087, 0.43316842005, 0.16240390099, 0.45648567587, 0.25737635774, 0.46195483613, 0.34540211055, 0.20118640968, 0.26185245617, 0.10338249914, 0.52485962041, 0.21098862024, 0.55121539031, 0.27395396991, 0.5271589236, 0.40605047534, 0.23650609313, 0.31191055726, 0.10247189635, 0.51929301535, 0.21180891291, 0.49147762831, 0.24420089152],
      [0.47628052983, 0.33221760833, 0.18709846026, 0.2490789894, 0.11122988738, 0.54544745695, 0.22448935391, 0.55655250428, 0.2674540828, 0.52643165669, 0.36150297901, 0.22695933175, 0.27980043804, 0.087525046378, 0.47798452545, 0.18222063232, 0.55097197461, 0.29505614279, 0.53797892964, 0.36107005046, 0.22504813129, 0.27899413544, 0.088937050294, 0.48249820149, 0.18488327643, 0.54999289925, 0.29245366721, 0.53612258813, 0.30800966881, 0.18738280459, 0.23395295688, 0.094824535673, 0.50266280555, 0.19384425881, 0.59716579551, 0.30995438986, 0.57220278432, 0.35425837694, 0.21151853127, 0.27072102119, 0.097632695894, 0.50921300998, 0.20092714898, 0.54810892717, 0.27926845875, 0.52835182983, 0.40057858467, 0.25667810759, 0.31424863023, 0.082575448851],
      [0.46079802287, 0.17427246544, 0.51684596648, 0.28252386954, 0.51147890433, 0.43967769558, 0.31546442765, 0.35656684345, 0.060689169494, 0.37877766142, 0.1323051569, 0.49963313493, 0.30575791093, 0.51112799965, 0.37568294449, 0.20731713254, 0.28293509023, 0.11498564259, 0.55286819135, 0.23316377071, 0.50933141292, 0.23981467611, 0.48390113905, 0.4282641051, 0.25672495016, 0.33293298998, 0.095699023804, 0.49980115342, 0.20022450999, 0.4760368711, 0.24347389641, 0.46684250003, 0.32952749244, 0.22528268058, 0.25801270945, 0.071305921295, 0.42528526212, 0.15021433771, 0.59916658627, 0.3494320573, 0.59177295284, 0.35497350711, 0.19291937563, 0.26516220624, 0.118747909, 0.56298858829, 0.23892196533, 0.52627858389, 0.24409203609, 0.49591582843]
    ]
  ],
  "maxiter": 3600,
  "param_threshold": 0.001,
  "ll_threshold": "-Inf",
  "initial_prob": "group_proportional"
}
