{
  "W": [
    [60, 21, 19],
    [54, 27, 19],
    [52, 29, 19],
    [49, 26, 25],
    [52, 17, 31],
    [56, 24, 20],
    [55, 20, 25],
    [46, 29, 25],
    [52, 23, 25],
    [54, 24, 22],
    [55, 25, 20],
    [54, 26, 20],
    [53, 33, 14],
    [55, 23, 22],
    [49, 27, 24],
    [59, 25, 16],
    [47, 33, 20],
    [28, 48, 24],
    [29, 47, 24],
    [19, 51, 30],
    [27, 49, 24],
    [32, 45, 23],
    [21, 56, 23],
    [29, 52, 19],
    [28, 50, 22],
    [16, 57, 27],
    [19, 60, 21],
    [25, 48, 27],
    [21, 52, 27],
    [25, 49, 26],
    [21, 60, 19],
    [22, 55, 23],
    [26, 52, 22],
    [14, 44, 42],
    [26, 21, 53],
    [18, 23, 59],
    [25, 19, 56],
    [16, 26, 58],
    [22, 32, 46],
    [24, 19, 57],
    [18, 27, 55],
    [20, 14, 66],
    [19, 26, 55],
    [27, 18, 55],
    [23, 25, 52],
    [25, 29, 46],
    [25, 22, 53],
    [24, 18, 58],
    [26, 23, 51],
    [25, 18, 57]
  ],
  "X": [
    [31, 32, 37],
    [24, 34, 42],
    [25, 40, 35],
    [24, 44, 32],
    [28, 37, 35],
    [22, 47, 31],
    [29, 40, 31],
    [36, 31, 33],
    [25, 45, 30],
    [31, 38, 31],
    [32, 37, 31],
    [24, 42, 34],
    [41, 31, 28],
    [37, 28, 35],
    [41, 24, 35],
    [26, 40, 34],
    [23, 34, 43],
    [33, 27, 40],
    [33, 29, 38],
    [34, 26, 40],
    [25, 27, 48],
    [31, 27, 42],
    [28, 29, 43],
    [30, 32, 38],
    [27, 30, 43],
    [30, 23, 47],
    [36, 25, 39],
    [29, 28, 43],
    [24, 29, 47],
    [28, 28, 44],
    [33, 27, 40],
    [29, 25, 46],
    [26, 26, 48],
    [19, 32, 49],
    [26, 34, 40],
    [16, 33, 51],
    [20, 32, 48],
    [23, 26, 51],
    [25, 29, 46],
    [25, 31, 44],
    [23, 32, 45],
    [16, 27, 57],
    [28, 36, 36],
    [21, 38, 41],
    [14, 36, 50],
    [27, 40, 33],
    [23, 32, 45],
    [19, 26, 55],
    [20, 34, 46],
    [17, 29, 54]
  ],
  "real_prob": [
    [0.29665204703, 0.48449373616, 0.21885421681],
    [0.40780198287, 0.16659082793, 0.4256071892],
    [0.071908566842, 0.32555330638, 0.60253812678]
  ],
  "method": "exact",
  "prob": [
    [0.33044904868, 0.47919060419, 0.19036034713],
    [0.36677094822, 0.17446961792, 0.45875943386],
    [0.10488251211, 0.31173373934, 0.58338374855]
  ],
  "iterations": 33,
  "logLik": -283.1185874852,
  "time": 80.197723,
  "message": "Converged",
  "status": 0,
  "cond_prob": [
    [
      [0.3582237326, 0.35895033039, 0.10361153189, 0.40967547421, 0.13445302193, 0.24189253089, 0.23210079319, 0.50659664768, 0.65449593722, 0.27806309298, 0.28037525477, 0.07444532106, 0.46395985779, 0.15308122716, 0.2533144498, 0.25797704923, 0.56654351807, 0.67224022914, 0.27374131984, 0.31578415097, 0.08461636789, 0.53391560787, 0.20135751985, 0.33668527976, 0.19234307229, 0.48285832918, 0.57869835236, 0.26714139291, 0.33365148304, 0.089405327538, 0.57368408562, 0.23415769373, 0.3920551907, 0.15917452147, 0.43219082323, 0.51853948176, 0.34605347944, 0.38483820073, 0.1117086986, 0.47044217255, 0.17124357463, 0.31051181479, 0.18350434801, 0.44391822464, 0.57777948661, 0.23763557411, 0.29801287729, 0.077004939736, 0.59444141651, 0.2436763009],
      [0.39315247271, 0.16792300938, 0.45831082181, 0.52984258756, 0.33421636106, 0.39004750492, 0.11268600174, 0.50086396204, 0.19125065886, 0.34509875643, 0.1649196769, 0.41870183622, 0.54221524184, 0.41642469406, 0.45630219412, 0.14446801775, 0.41825176185, 0.14992227481, 0.29650691943, 0.16532354409, 0.39377553108, 0.55902506283, 0.27918934015, 0.35163421644, 0.095782693359, 0.56969440834, 0.23454671207, 0.39925265555, 0.15111625151, 0.41381907149, 0.50496465109, 0.34804774621, 0.40077786546, 0.1175796788, 0.48579546005, 0.18299986614, 0.33522947136, 0.16615679374, 0.41622226839, 0.54719084984, 0.35523039074, 0.40325607036, 0.11904633751, 0.4745255312, 0.17623544911, 0.32476047783, 0.17024407806, 0.42050848053, 0.55619318466, 0.2645089773],
      [0.31033872993, 0.082385412384, 0.54769031584, 0.21010356251, 0.34810151596, 0.18780070686, 0.47955770755, 0.56951307166, 0.43366707018, 0.47973099819, 0.15603731001, 0.41209381843, 0.14911474191, 0.30273151001, 0.15423911139, 0.3711542599, 0.54123117998, 0.43437393875, 0.43782233414, 0.13815998563, 0.36416776245, 0.12021203861, 0.23663164442, 0.2014582988, 0.44196562726, 0.62520836995, 0.48846559141, 0.48663461756, 0.16358547278, 0.32330060866, 0.10546313621, 0.22128189575, 0.18823379993, 0.40790224623, 0.61513263147, 0.28333822179, 0.31661090729, 0.085485764518, 0.5129019089, 0.18750114673, 0.31570366916, 0.20375986931, 0.49588794598, 0.59881056632, 0.26472003095, 0.27599707004, 0.072512761694, 0.48980750526, 0.16694287036, 0.27349662654]
    ],
    [
      [0.24547246379, 0.5570600596, 0.65399061176, 0.37428587112, 0.40802460708, 0.1222839362, 0.44208826411, 0.15729938742, 0.29463158371, 0.18362586477, 0.4346760055, 0.58308448009, 0.36684526812, 0.4127290449, 0.12346758811, 0.46221687627, 0.16974313432, 0.31740763646, 0.17093785561, 0.41752782079, 0.55912477543, 0.39343469535, 0.44007676662, 0.13602752302, 0.44228213804, 0.16138146348, 0.312206158, 0.16428316661, 0.3985417699, 0.55176631898, 0.29466715937, 0.30705391149, 0.083264376424, 0.46982390185, 0.15969718661, 0.27039968775, 0.23550893878, 0.5332489019, 0.64633593583, 0.35816534684, 0.37784730539, 0.11024261558, 0.43593516124, 0.15015700669, 0.27360911041, 0.20589949193, 0.47199568791, 0.61614827401, 0.3030040488, 0.34686723004],
      [0.096189134477, 0.51081054329, 0.19061369712, 0.33037441532, 0.18618540792, 0.46251907284, 0.57343645021, 0.31115577671, 0.36579302578, 0.10290763867, 0.51823070301, 0.19873878807, 0.34931013859, 0.17061352029, 0.43546818615, 0.54778222273, 0.29853505233, 0.33260870137, 0.091390157557, 0.50088587637, 0.18204019185, 0.31241753951, 0.2005790713, 0.48535110678, 0.59619230293, 0.35507888088, 0.3749978939, 0.10903177606, 0.43799276186, 0.15073511005, 0.27408201991, 0.20692835726, 0.47426699606, 0.61688620402, 0.38488637138, 0.43184794075, 0.13220392852, 0.44921368926, 0.16430396271, 0.31460486387, 0.16589993936, 0.40384809654, 0.5531912076, 0.33621378886, 0.36950334139, 0.10587018118, 0.47019429599, 0.16859546176, 0.30194668281, 0.19359191515],
      [0.46190119685, 0.59218313601, 0.27586726806, 0.30741352972, 0.082269771306, 0.51516492592, 0.18713575979, 0.31298063136, 0.20896780602, 0.50545071049, 0.60474959734, 0.32330386252, 0.35358010615, 0.099691470612, 0.4759870205, 0.16981392161, 0.29920932033, 0.20070911698, 0.47660597225, 0.60109920906, 0.34524085832, 0.39284756509, 0.11468884577, 0.48115527994, 0.1784640686, 0.32567868449, 0.17360386174, 0.42868836631, 0.55963246974, 0.33266806579, 0.35241539273, 0.099932867501, 0.45397688116, 0.15678853198, 0.27778866765, 0.21335505306, 0.49079607529, 0.62227846485, 0.3019478579, 0.31286842188, 0.085463534417, 0.46222488945, 0.15618895021, 0.26637852106, 0.23582725266, 0.53094262791, 0.64815794453, 0.24189742649, 0.28467355851, 0.073519034639]
    ],
    [
      [0.56219153843, 0.21560743045, 0.34863313148, 0.19591103508, 0.49971901105, 0.57784783388, 0.37647149457, 0.4365773548, 0.13289842812, 0.47027030634, 0.17822658462, 0.34019271242, 0.15325819909, 0.38519606057, 0.52690885946, 0.26061475314, 0.29395074132, 0.077085888018, 0.5305410517, 0.19528471343, 0.32133411289, 0.20884419515, 0.51076454525, 0.60157999909, 0.31816821334, 0.34778052097, 0.097106513716, 0.47901879861, 0.17111280734, 0.29952476242, 0.20281298805, 0.48110667169, 0.60336872387, 0.37559104772, 0.39342417747, 0.11657783831, 0.42080492444, 0.14398415793, 0.26764712246, 0.20360402784, 0.46259166459, 0.61577503923, 0.3494982384, 0.38171896996, 0.11078329819, 0.45860295902, 0.16356934935, 0.29731555918, 0.19189880258, 0.45471168069],
      [0.59190114263, 0.3887425877, 0.43038274792, 0.1314544857, 0.44036242852, 0.15938193236, 0.30531657896, 0.17089498377, 0.41023531973, 0.56322893534, 0.3416565594, 0.39228505998, 0.11379064203, 0.4875228244, 0.18275077168, 0.33255124228, 0.1708206162, 0.42496416834, 0.5536581157, 0.30798061371, 0.30793743798, 0.083776721123, 0.43960160853, 0.14370816064, 0.24539475122, 0.25241777776, 0.54835440138, 0.67082852766, 0.38662719032, 0.47708637115, 0.14999704971, 0.49172185745, 0.19813200335, 0.39101550221, 0.12165095223, 0.3247816255, 0.45898744808, 0.31250862838, 0.37510097606, 0.10564453572, 0.52665169552, 0.20648943399, 0.36479262562, 0.1608396761, 0.41840958995, 0.52956283865, 0.20993741985, 0.24187585171, 0.06008736636, 0.57297405023],
      [0.21541163511, 0.33531357629, 0.21708852992, 0.54271251319, 0.60459905735, 0.33642899551, 0.43619871977, 0.12911983128, 0.54486462557, 0.23061576856, 0.42805493636, 0.11870637892, 0.33318551167, 0.44282523236, 0.34545613961, 0.38456155241, 0.11138193126, 0.47056412587, 0.17117526625, 0.31075549049, 0.18397973451, 0.44426318134, 0.57786257826, 0.3299157551, 0.32468943341, 0.090303656485, 0.41716243767, 0.13426506875, 0.23398845273, 0.25292180723, 0.54104549784, 0.67570789078, 0.29527475381, 0.33359456077, 0.091180029476, 0.50959328514, 0.188057455, 0.32206378669, 0.19513196105, 0.47834798423, 0.58675618383, 0.28879156596, 0.29408322822, 0.078714258648, 0.46167138707, 0.15368588006, 0.25775209618, 0.24953704697, 0.55223089172, 0.66353364517]
    ]
  ],
  "maxiter": 3600,
  "param_threshold": 0.001,
  "ll_threshold": "-Inf",
  "initial_prob": "group_proportional"
}
