{
  "W": [
    [69, 15, 16],
    [70, 16, 14],
    [70, 10, 20],
    [61, 22, 17],
    [69, 16, 15],
    [69, 17, 14],
    [62, 20, 18],
    [71, 12, 17],
    [67, 16, 17],
    [70, 17, 13],
    [71, 15, 14],
    [73, 14, 13],
    [77, 11, 12],
    [69, 17, 14],
    [76, 15, 9],
    [68, 18, 14],
    [56, 29, 15],
    [18, 72, 10],
    [14, 72, 14],
    [18, 69, 13],
    [12, 76, 12],
    [13, 70, 17],
    [15, 71, 14],
    [13, 73, 14],
    [13, 68, 19],
    [18, 68, 14],
    [10, 75, 15],
    [13, 69, 18],
    [14, 74, 12],
    [12, 74, 14],
    [20, 60, 20],
    [13, 66, 21],
    [26, 59, 15],
    [22, 27, 51],
    [12, 16, 72],
    [20, 15, 65],
    [13, 16, 71],
    [10, 15, 75],
    [14, 20, 66],
    [17, 9, 74],
    [14, 9, 77],
    [13, 18, 69],
    [14, 19, 67],
    [22, 20, 58],
    [19, 17, 64],
    [13, 10, 77],
    [15, 15, 70],
    [13, 13, 74],
    [12, 15, 73],
    [14, 17, 69]
  ],
  "X": [
    [12, 53, 35],
    [14, 54, 32],
    [12, 54, 34],
    [10, 47, 43],
    [13, 47, 40],
    [10, 55, 35],
    [18, 45, 37],
    [14, 52, 34],
    [16, 54, 30],
    [15, 53, 32],
    [11, 56, 33],
    [6, 51, 43],
    [12, 60, 28],
    [17, 50, 33],
    [9, 56, 35],
    [14, 48, 38],
    [21, 46, 33],
    [27, 35, 38],
    [32, 26, 42],
    [31, 35, 34],
    [35, 32, 33],
    [35, 24, 41],
    [30, 35, 35],
    [32, 35, 33],
    [25, 21, 54],
    [36, 36, 28],
    [29, 36, 35],
    [37, 22, 41],
    [25, 31, 44],
    [30, 25, 45],
    [27, 26, 47],
    [36, 27, 37],
    [28, 38, 34],
    [17, 23, 60],
    [22, 15, 63],
    [14, 18, 68],
    [19, 14, 67],
    [23, 16, 61],
    [21, 20, 59],
    [18, 16, 66],
    [21, 18, 61],
    [21, 19, 60],
    [22, 17, 61],
    [22, 20, 58],
    [17, 19, 64],
    [16, 17, 67],
    [20, 13, 67],
    [16, 18, 66],
    [14, 21, 65],
    [20, 14, 66]
  ],
  "real_prob": [
    [0.052732807419, 0.67184524526, 0.27542194732],
    [0.37210571498, 0.31371724499, 0.31417704003],
    [0.18151478686, 0.034759262863, 0.78372595028]
  ],
  "method": "exact",
  "prob": [
    [0.058769746404, 0.67814339347, 0.26308686013],
    [0.39466199727, 0.27134608052, 0.33399192221],
    [0.17174626849, 0.048139884074, 0.78011384744]
  ],
  "iterations": 15,
  "logLik": -264.605029845,
  "time": 8.858596,
  "message": "Converged",
  "status": 0,
  "cond_prob": [
    [
      [0.053491118148, 0.3812413398, 0.16190579692, 0.69433056307, 0.28494227154, 0.051066067177, 0.25217831878, 0.33381638866, 0.7870281359, 0.063267605745, 0.42822326907, 0.19426394948, 0.6987222455, 0.27247938888, 0.052126613773, 0.23801014875, 0.29929734205, 0.75360943675, 0.05849978482, 0.41302416778, 0.18873866924, 0.71415212246, 0.28939367176, 0.055770735494, 0.22734809272, 0.29758216046, 0.75549059527, 0.03656835558, 0.27694835536, 0.098615675977, 0.65496117757, 0.28705792154, 0.043064346711, 0.30847046685, 0.43599372309, 0.85831997731, 0.062543157192, 0.39773907246, 0.15471313296, 0.62026191546, 0.22752936943, 0.037430528144, 0.31719492734, 0.37473155811, 0.8078563389, 0.040714227528, 0.3174158124, 0.12818924927, 0.70774356943, 0.31805443691],
      [0.054197734423, 0.25154220304, 0.36452975069, 0.81761301631, 0.078845265113, 0.46957585147, 0.20667091853, 0.6425762716, 0.2211343863, 0.040976857478, 0.27857846328, 0.30928976223, 0.75235222399, 0.071096365065, 0.45415389111, 0.20601831689, 0.67879643551, 0.24944647574, 0.047770315863, 0.25010719942, 0.29639963315, 0.74621136725, 0.069324641546, 0.46388305785, 0.23136000534, 0.72441911755, 0.2792824799, 0.058552908577, 0.20625624091, 0.25683446225, 0.71008708608, 0.068508313726, 0.44559674371, 0.2022517997, 0.68555937357, 0.25711583786, 0.049221123562, 0.2459323127, 0.29728741843, 0.74852707674, 0.048211182099, 0.36092109475, 0.15451354641, 0.71289766625, 0.30714633149, 0.055505051706, 0.23889115165, 0.33193257376, 0.78998140189, 0.027651009932],
      [0.21849515487, 0.070964931292, 0.63606609981, 0.28919976759, 0.039875228274, 0.33628289026, 0.49230507754, 0.88915984043, 0.061588506344, 0.432897519, 0.20798435854, 0.72799419264, 0.29356899116, 0.059599021983, 0.21041730101, 0.27353348983, 0.73241661948, 0.081385033366, 0.48560452211, 0.22351113013, 0.6597261216, 0.2271553107, 0.044089809137, 0.25888884504, 0.28724016719, 0.73239906073, 0.042049645252, 0.31513129096, 0.11969528849, 0.67393957002, 0.29062703546, 0.046798571814, 0.28401078472, 0.39424167358, 0.8335061397, 0.06392270873, 0.40846580437, 0.16434795197, 0.63561040062, 0.23447861684, 0.039848403912, 0.30046689065, 0.35705557879, 0.79580364411, 0.074742128322, 0.46735175925, 0.21741598638, 0.68079229607, 0.24667015416, 0.04814646331]
    ],
    [
      [0.24446557561, 0.28597808659, 0.73443755031, 0.046533819156, 0.34351885626, 0.14290336042, 0.7010613875, 0.30354892276, 0.052537258655, 0.25240479335, 0.35293222098, 0.80455938092, 0.063605236052, 0.40100075975, 0.15981942809, 0.62835407185, 0.23146705804, 0.038386772532, 0.3080406921, 0.36753218221, 0.80179379938, 0.055651137327, 0.39961307013, 0.1865367453, 0.72793993778, 0.30615437688, 0.059417624248, 0.21640892489, 0.29423255299, 0.75404563045, 0.060046780885, 0.41947905071, 0.19991923128, 0.72590771195, 0.29714550807, 0.058837403601, 0.21404550716, 0.28337544122, 0.74124336512, 0.073889163193, 0.44156586017, 0.18410768628, 0.62468410218, 0.21767558579, 0.037753862723, 0.30142673463, 0.34075855404, 0.778138451, 0.050409027032, 0.37727528875],
      [0.17552279237, 0.73924491356, 0.32441321071, 0.062713452592, 0.2103460594, 0.29831150054, 0.76176375504, 0.052234175751, 0.39224393308, 0.19193918576, 0.75418689143, 0.33219782805, 0.067509211715, 0.19357893282, 0.27555823888, 0.74055160252, 0.052586017159, 0.32718751829, 0.10882265965, 0.54341868149, 0.19730037151, 0.027322730428, 0.40399530135, 0.47551211021, 0.86385460992, 0.065740446808, 0.46043439869, 0.25050948904, 0.763258291, 0.31281851858, 0.070692249904, 0.17100126219, 0.22674708273, 0.67879826106, 0.043162093381, 0.34758581973, 0.16662950576, 0.76754531267, 0.3632051925, 0.072277162384, 0.18929259395, 0.28920898777, 0.76109333185, 0.083552151835, 0.46911392565, 0.19694228646, 0.60148609711, 0.1965602184, 0.03433475932, 0.31496175105],
      [0.33432585595, 0.76872295422, 0.042499602025, 0.31069727938, 0.11778390815, 0.66608658655, 0.28559915894, 0.045037502254, 0.29141381142, 0.40370356169, 0.83717858959, 0.057470103209, 0.36967666682, 0.13959181551, 0.61487560844, 0.23125521638, 0.036329049065, 0.32765428835, 0.39906811681, 0.82407913543, 0.060872593333, 0.38171169453, 0.14399232309, 0.60344385591, 0.22062582277, 0.034678675773, 0.33568355076, 0.3976624827, 0.82132900114, 0.072703358805, 0.46165395676, 0.2183664376, 0.6928310588, 0.25658180422, 0.050418912257, 0.2344655824, 0.28176423903, 0.73121465014, 0.055877466545, 0.40195039564, 0.1888075018, 0.73011625018, 0.30706073351, 0.060026281201, 0.21400628327, 0.29098887085, 0.751166217, 0.049908729536, 0.34410909164, 0.129628676]
    ],
    [
      [0.64062727603, 0.25451220752, 0.0398896142, 0.30946399444, 0.40137870084, 0.8304817098, 0.069719901489, 0.44385724985, 0.19530062756, 0.66694352686, 0.24063049108, 0.043702636394, 0.26333657165, 0.31551225907, 0.76099673604, 0.050392594074, 0.33885439229, 0.12168203437, 0.6108328464, 0.23408450155, 0.034955008441, 0.33877455952, 0.42706110616, 0.84336295719, 0.066312654066, 0.41231631454, 0.16254752767, 0.61642833813, 0.21701326011, 0.035411541444, 0.3172590078, 0.37067042535, 0.80204093089, 0.062162291502, 0.43503445905, 0.21137146932, 0.72960119485, 0.29029656007, 0.057993862006, 0.20823651365, 0.27466898089, 0.73063466867, 0.055215260842, 0.40013373856, 0.18521684208, 0.72634653605, 0.30151970778, 0.057587186965, 0.21843820311, 0.29834655366],
      [0.75719597096, 0.066708926655, 0.4244435106, 0.17629671151, 0.64514698641, 0.23169586534, 0.039827546526, 0.28814408693, 0.34386062406, 0.78387574197, 0.058956538286, 0.42700696623, 0.21209799699, 0.7452485068, 0.30615817927, 0.062481783004, 0.19579495491, 0.2668348545, 0.72542022001, 0.055460693553, 0.40313144048, 0.18873398631, 0.73040098522, 0.30354043663, 0.058566077286, 0.21413832123, 0.29332812288, 0.75269993641, 0.067707124497, 0.43578844997, 0.19062865235, 0.66906907483, 0.2452890039, 0.04436629669, 0.26322380068, 0.31892254613, 0.76500505096, 0.07744733865, 0.45683710609, 0.19240373152, 0.62161294367, 0.2096902594, 0.036736380194, 0.30093971768, 0.33347263451, 0.77085988829, 0.056458877769, 0.37789145042, 0.14848635414, 0.64449621933],
      [0.24619937162, 0.040143476801, 0.29904490291, 0.37590917796, 0.81137016905, 0.045882503597, 0.35317811445, 0.15417852349, 0.72638502575, 0.31733125371, 0.056930936728, 0.22773247065, 0.32949063184, 0.78889053978, 0.080295768043, 0.44713871518, 0.17269261074, 0.55899419201, 0.17594957453, 0.028226335743, 0.36071003995, 0.37691171029, 0.79908105352, 0.043768463653, 0.34196564795, 0.14845211553, 0.72954238493, 0.32484268531, 0.058013433607, 0.22668915142, 0.33319166674, 0.79353445086, 0.031272099712, 0.28073591626, 0.12895474054, 0.78219083264, 0.40375028315, 0.076129530972, 0.18653706765, 0.31551380058, 0.79491572849, 0.072495883706, 0.43005910943, 0.16918917055, 0.59580734452, 0.20027671786, 0.032666564827, 0.33169677178, 0.3696641727, 0.79814426463]
    ]
  ],
  "maxiter": 3600,
  "param_threshold": 0.001,
  "ll_threshold": "-Inf",
  "initial_prob": "group_proportional"
}
