{
  "W": [
    [73, 14, 13],
    [76, 8, 16],
    [74, 12, 14],
    [62, 17, 21],
    [74, 10, 16],
    [72, 11, 17],
    [69, 13, 18],
    [75, 12, 13],
    [75, 15, 10],
    [74, 18, 8],
    [76, 12, 12],
    [72, 16, 12],
    [78, 10, 12],
    [74, 11, 15],
    [76, 14, 10],
    [71, 14, 15],
    [58, 31, 11],
    [18, 73, 9],
    [12, 75, 13],
    [18, 70, 12],
    [9, 79, 12],
    [9, 77, 14],
    [12, 75, 13],
    [12, 77, 11],
    [12, 74, 14],
    [16, 72, 12],
    [10, 79, 11],
    [12, 73, 15],
    [11, 74, 15],
    [11, 76, 13],
    [13, 72, 15],
    [10, 68, 22],
    [26, 65, 9],
    [21, 31, 48],
    [11, 14, 75],
    [16, 18, 66],
    [12, 12, 76],
    [9, 11, 80],
    [13, 17, 70],
    [14, 8, 78],
    [12, 9, 79],
    [11, 12, 77],
    [13, 20, 67],
    [19, 19, 62],
    [19, 16, 65],
    [13, 5, 82],
    [8, 18, 74],
    [13, 11, 76],
    [11, 13, 76],
    [12, 16, 72]
  ],
  "X": [
    [36, 38, 26],
    [38, 34, 28],
    [31, 33, 36],
    [29, 32, 39],
    [31, 34, 35],
    [32, 33, 35],
    [35, 37, 28],
    [34, 32, 34],
    [37, 37, 26],
    [35, 32, 33],
    [31, 40, 29],
    [47, 27, 26],
    [29, 34, 37],
    [38, 30, 32],
    [40, 26, 34],
    [34, 38, 28],
    [38, 27, 35],
    [49, 23, 28],
    [44, 25, 31],
    [52, 26, 22],
    [54, 17, 29],
    [48, 30, 22],
    [58, 14, 28],
    [50, 26, 24],
    [50, 24, 26],
    [50, 28, 22],
    [50, 23, 27],
    [57, 22, 21],
    [51, 29, 20],
    [46, 25, 29],
    [50, 26, 24],
    [51, 20, 29],
    [47, 22, 31],
    [35, 22, 43],
    [21, 20, 59],
    [31, 18, 51],
    [33, 5, 62],
    [28, 18, 54],
    [21, 24, 55],
    [27, 15, 58],
    [23, 14, 63],
    [26, 17, 57],
    [26, 13, 61],
    [35, 20, 45],
    [35, 22, 43],
    [22, 12, 66],
    [30, 14, 56],
    [28, 17, 55],
    [21, 12, 67],
    [26, 17, 57]
  ],
  "real_prob": [
    [0.31538167745, 0.39637928955, 0.288239033],
    [0.56647570168, 0.25096490377, 0.18255939455],
    [0.1997645127, 0.1053416992, 0.6948937881]
  ],
  "method": "exact",
  "prob": [
    [0.33355951418, 0.39291865365, 0.27352183217],
    [0.58759891517, 0.23224496468, 0.18015612014],
    [0.20073763401, 0.10915501095, 0.69010735504]
  ],
  "iterations": 10,
  "logLik": -278.6710246147,
  "time": 4.84204,
  "message": "Converged",
  "status": 0,
  "cond_prob": [
    [
      [0.33775433132, 0.59665955678, 0.23005384762, 0.44557897116, 0.26107703947, 0.13981973483, 0.21666669752, 0.14226340375, 0.63012641756, 0.37978359131, 0.63889382318, 0.25158102968, 0.39836629588, 0.22233186025, 0.12159416445, 0.22185011281, 0.13877431657, 0.62682480587, 0.29859879078, 0.54932825301, 0.16512503189, 0.38875176933, 0.23706807928, 0.099110865596, 0.31264943989, 0.21360366771, 0.73576410252, 0.27391857504, 0.519692022, 0.15153733208, 0.41007395988, 0.25771456827, 0.10448889652, 0.31600746508, 0.22259340973, 0.7439737714, 0.3053833198, 0.55802875559, 0.17633417369, 0.40324911455, 0.24423344933, 0.10732693939, 0.29136756566, 0.19773779508, 0.71633888692, 0.31455406325, 0.56851605598, 0.18226063708, 0.39697050772, 0.23781861309],
      [0.10600698234, 0.28847542903, 0.19366533093, 0.71173238057, 0.33537783989, 0.59424388201, 0.22965325453, 0.44950134081, 0.26407705382, 0.14174476578, 0.2151208193, 0.14167906417, 0.62860197968, 0.32792879894, 0.58280503471, 0.18551382023, 0.37443170153, 0.22067300467, 0.097657409919, 0.29763949952, 0.19652196063, 0.71682876986, 0.34299915682, 0.6015810888, 0.22513469068, 0.42649945661, 0.24816168754, 0.12901154414, 0.23050138658, 0.15025722366, 0.64585376518, 0.31592298841, 0.568830028, 0.17284479422, 0.36879647559, 0.22026491629, 0.09303653917, 0.31528053601, 0.21090505571, 0.73411866661, 0.29233589894, 0.54456249549, 0.18731014458, 0.46001156626, 0.284086308, 0.13584043899, 0.2476525348, 0.17135119651, 0.67684941643, 0.44942161398],
      [0.70072801391, 0.28583296422, 0.32219686718, 0.16679160883, 0.094429985171, 0.22838151884, 0.13248037726, 0.61973705061, 0.28091855811, 0.5276819408, 0.15096108828, 0.38990856858, 0.24275318001, 0.09663332089, 0.32917287331, 0.2295648792, 0.75240559083, 0.37456426978, 0.63183690564, 0.2221358716, 0.35605852247, 0.19924749503, 0.097329792806, 0.26937720775, 0.16891559933, 0.6805343356, 0.38204624158, 0.63702798445, 0.20460938579, 0.30156528444, 0.16687079722, 0.074484722121, 0.31638847398, 0.19610121833, 0.72090589209, 0.32000303893, 0.57701905342, 0.21343449921, 0.45249402904, 0.27053936526, 0.13902485499, 0.22750293203, 0.15244158132, 0.6475406458, 0.31862934169, 0.57082596316, 0.16580848401, 0.34152513164, 0.20293535306, 0.08186785635]
    ],
    [
      [0.33984552667, 0.22623868378, 0.75232365964, 0.3186113888, 0.57143980208, 0.17220993884, 0.3611861584, 0.2149575461, 0.089638698141, 0.3202024528, 0.21360265181, 0.73815136302, 0.27284441861, 0.51743798125, 0.14753987562, 0.40043878291, 0.25203643821, 0.099384749167, 0.32671679848, 0.23052558054, 0.75307537521, 0.35311381953, 0.61217075573, 0.23266652893, 0.42014556401, 0.2416045714, 0.1270883208, 0.22674061647, 0.14622467286, 0.64024515026, 0.35996650164, 0.61442625508, 0.18505227783, 0.3006642224, 0.17017208069, 0.070868968671, 0.33936927596, 0.21540166423, 0.7440787535, 0.29673265412, 0.55090124383, 0.2078578813, 0.49226919388, 0.30329852071, 0.15825651147, 0.210998152, 0.14580023546, 0.63388560723, 0.41730401937, 0.66915438044],
      [0.21582871033, 0.25483791335, 0.13541842479, 0.060427936961, 0.32785806727, 0.19542719477, 0.72374335271, 0.31685509972, 0.57200220148, 0.19577902628, 0.42453367713, 0.25430348661, 0.12038430957, 0.25861122316, 0.1736943119, 0.68383666415, 0.32884756244, 0.58486399274, 0.19813527056, 0.40319449943, 0.23785381664, 0.11146311251, 0.26795793812, 0.17728219061, 0.69040161693, 0.32741885771, 0.58511948015, 0.21939130883, 0.44885661311, 0.2661306441, 0.13807398459, 0.22372452918, 0.14874987575, 0.64253470658, 0.3151983326, 0.56836884013, 0.17698893668, 0.38269136759, 0.22896955769, 0.098590115148, 0.30211029981, 0.20266160218, 0.72442094817, 0.40075309256, 0.6592537774, 0.27102914261, 0.38965787411, 0.21248121345, 0.12086512858, 0.20958903333],
      [0.12826500915, 0.60810572881, 0.33071889496, 0.59031754759, 0.2452395756, 0.48395942121, 0.28656869335, 0.16469087059, 0.18532168383, 0.12311375906, 0.59006955382, 0.28737989364, 0.5360164678, 0.16165920134, 0.40718975652, 0.25203179085, 0.10511512105, 0.30543034985, 0.21195174135, 0.73322567762, 0.33180799707, 0.58947247012, 0.21629854595, 0.43396211293, 0.255711884, 0.12981579227, 0.23422988999, 0.15481564588, 0.65388566179, 0.36714902764, 0.62483223752, 0.21999625328, 0.36773545024, 0.20735708886, 0.1010165207, 0.26511552212, 0.16781067362, 0.67898722602, 0.32041332942, 0.57227461455, 0.16348927663, 0.33018191824, 0.19567000834, 0.077413287045, 0.34940475234, 0.23205537711, 0.75909743633, 0.32990703324, 0.58714036344, 0.20563752157]
    ],
    [
      [0.41545431524, 0.24442130774, 0.1187166425, 0.25463865152, 0.16843832882, 0.67564583593, 0.24654260692, 0.48754914801, 0.15283124336, 0.4836105414, 0.31466727246, 0.13699922974, 0.26984685169, 0.19778357953, 0.71016952691, 0.35013517378, 0.60900474285, 0.21872351285, 0.39834436338, 0.22844751993, 0.11385507314, 0.25152046284, 0.16254773722, 0.66742141401, 0.49834630251, 0.73450648452, 0.23954955994, 0.14504747796, 0.070202523532, 0.031802631343, 0.35660621952, 0.19529099195, 0.72864780872, 0.33663174207, 0.59664054162, 0.23009085454, 0.44558485694, 0.25995789719, 0.13912749273, 0.21778340099, 0.14340156119, 0.63078165272, 0.22404296663, 0.45721158367, 0.14735492159, 0.52749766448, 0.3547665251, 0.15873570622, 0.24845936889, 0.18802189123],
      [0.69390937219, 0.36064073855, 0.61949817251, 0.21788518308, 0.37457237074, 0.2116150748, 0.10337264373, 0.26478689072, 0.16888675269, 0.67874217319, 0.31841342854, 0.57348987094, 0.17743835467, 0.37418732512, 0.22128980071, 0.095166378382, 0.30739924634, 0.20522032835, 0.72739526695, 0.32164272826, 0.57894552914, 0.20148809921, 0.4235212219, 0.25079824737, 0.12119074793, 0.25483604984, 0.17025622348, 0.67732115286, 0.31508350934, 0.56721842373, 0.15760516275, 0.32369823371, 0.19172402659, 0.07399167806, 0.36121825695, 0.24105754968, 0.76840315919, 0.3756727825, 0.63589035046, 0.25452097538, 0.40938631548, 0.22878679983, 0.12701146466, 0.21494090202, 0.13532284971, 0.61846755995, 0.37268819827, 0.63422400587, 0.27340523291, 0.44151231768],
      [0.24812352549, 0.14832753163, 0.18579948406, 0.11765246864, 0.57826723546, 0.33653752637, 0.59242263104, 0.17881584149, 0.33557128651, 0.19370954885, 0.081329579647, 0.32789118712, 0.21386782011, 0.73985457886, 0.36220515524, 0.6206935497, 0.21526857924, 0.36623357569, 0.20647564237, 0.099372565295, 0.27156126906, 0.17283080794, 0.68535885547, 0.34683368167, 0.60621464192, 0.22135264575, 0.40969318881, 0.23572248766, 0.11948738396, 0.24347312952, 0.15806287042, 0.65915997028, 0.29013234999, 0.53846310535, 0.14221741816, 0.33415670511, 0.20346488304, 0.074726746897, 0.3757109449, 0.2580720116, 0.78305583494, 0.30929377624, 0.56409963207, 0.18420667461, 0.41260214941, 0.24769368187, 0.11230104579, 0.27810407435, 0.18820668605, 0.7034922796]
    ]
  ],
  "maxiter": 3600,
  "param_threshold": 0.001,
  "ll_threshold": "-Inf",
  "initial_prob": "group_proportional"
}
