{
  "W": [
    [40, 32, 28],
    [29, 36, 35],
    [44, 28, 28],
    [35, 34, 31],
    [36, 33, 31],
    [39, 21, 40],
    [47, 17, 36],
    [49, 28, 23],
    [48, 24, 28],
    [43, 29, 28],
    [39, 29, 32],
    [43, 27, 30],
    [42, 29, 29],
    [35, 25, 40],
    [28, 36, 36],
    [49, 32, 19],
    [41, 30, 29],
    [30, 45, 25],
    [31, 43, 26],
    [35, 32, 33],
    [31, 40, 29],
    [26, 45, 29],
    [33, 37, 30],
    [38, 39, 23],
    [29, 38, 33],
    [33, 37, 30],
    [29, 43, 28],
    [22, 37, 41],
    [25, 47, 28],
    [32, 42, 26],
    [31, 38, 31],
    [26, 40, 34],
    [32, 40, 28],
    [34, 31, 35],
    [34, 26, 40],
    [25, 29, 46],
    [25, 30, 45],
    [39, 32, 29],
    [25, 28, 47],
    [32, 32, 36],
    [23, 35, 42],
    [31, 31, 38],
    [26, 31, 43],
    [30, 27, 43],
    [29, 33, 38],
    [28, 33, 39],
    [24, 42, 34],
    [32, 35, 33],
    [29, 28, 43],
    [31, 31, 38]
  ],
  "X": [
    [24, 47, 29],
    [22, 42, 36],
    [27, 43, 30],
    [24, 45, 31],
    [34, 42, 24],
    [46, 34, 20],
    [29, 38, 33],
    [21, 48, 31],
    [26, 38, 36],
    [27, 44, 29],
    [29, 45, 26],
    [37, 32, 31],
    [33, 33, 34],
    [34, 35, 31],
    [32, 39, 29],
    [27, 42, 31],
    [31, 45, 24],
    [19, 50, 31],
    [21, 53, 26],
    [32, 44, 24],
    [30, 41, 29],
    [27, 53, 20],
    [25, 41, 34],
    [28, 39, 33],
    [35, 41, 24],
    [28, 37, 35],
    [20, 48, 32],
    [35, 38, 27],
    [29, 49, 22],
    [26, 42, 32],
    [28, 48, 24],
    [24, 55, 21],
    [23, 46, 31],
    [28, 50, 22],
    [37, 36, 27],
    [31, 41, 28],
    [37, 34, 29],
    [23, 43, 34],
    [32, 48, 20],
    [28, 40, 32],
    [20, 56, 24],
    [30, 45, 25],
    [29, 38, 33],
    [29, 42, 29],
    [32, 42, 26],
    [33, 45, 22],
    [24, 56, 20],
    [30, 39, 31],
    [28, 44, 28],
    [27, 50, 23]
  ],
  "real_prob": [
    [0.3835649197, 0.22623930082, 0.39019577947],
    [0.011329467114, 0.69637870253, 0.29229183035],
    [0.43335723151, 0.40903712446, 0.15760564403]
  ],
  "method": "exact",
  "prob": [
    [0.2689946273, 0.28687872762, 0.44412664509],
    [0.10550639579, 0.66836056553, 0.22613303868],
    [0.48421776381, 0.34430738195, 0.17147485424]
  ],
  "iterations": 81,
  "logLik": -285.2024408369,
  "time": 323.660192,
  "message": "Converged",
  "status": 0,
  "cond_prob": [
    [
      [0.2325268533, 0.084451118482, 0.42844607416, 0.32739763876, 0.70968717921, 0.39978945411, 0.44007550794, 0.20586170231, 0.17176447173, 0.18614453303, 0.077310105464, 0.3948184213, 0.25099782981, 0.62171464031, 0.35255245384, 0.56285763717, 0.30097525422, 0.25262912486, 0.25627095946, 0.096936714433, 0.46463749213, 0.30517909175, 0.68933488019, 0.36681226134, 0.43854994879, 0.21372840538, 0.16855024653, 0.22311861482, 0.085598019559, 0.42840373601, 0.29551000361, 0.67658070191, 0.37591632287, 0.48137138157, 0.23782127853, 0.19567994113, 0.33958954788, 0.13472197117, 0.5589984267, 0.28359943439, 0.67258725179, 0.30951745332, 0.37681101773, 0.19269077704, 0.13148411998, 0.42560630139, 0.17906732233, 0.64102351192, 0.25780420961, 0.64928940933],
      [0.25776395573, 0.316589489, 0.17164326834, 0.10121253235, 0.23881128752, 0.092858029818, 0.44992452722, 0.28905980189, 0.670835092, 0.36138868742, 0.47212891059, 0.23630687818, 0.18868678536, 0.20642923649, 0.071487453169, 0.38623124884, 0.35456030107, 0.73263774614, 0.43968210242, 0.43901046244, 0.19587480069, 0.17408664875, 0.23216960109, 0.09376459675, 0.45019674378, 0.26782433822, 0.64604069344, 0.34426625439, 0.50000606069, 0.26019470981, 0.20553700184, 0.25932135497, 0.096976982425, 0.46560175878, 0.3118659887, 0.69641707925, 0.37120239957, 0.42881265633, 0.20660593833, 0.16319584166, 0.27510985692, 0.1012509379, 0.4792011994, 0.32215814181, 0.70786926514, 0.37211324314, 0.40273200127, 0.19087979696, 0.14868555746, 0.3453535118],
      [0.15824905856, 0.59590248038, 0.21141213419, 0.57976362126, 0.24185534852, 0.44323435401, 0.26198732018, 0.1622421711, 0.30502392071, 0.1391222743, 0.55704997846, 0.21125431675, 0.57631377064, 0.25566273614, 0.48372176254, 0.28456395506, 0.1872872854, 0.28432792731, 0.12308027813, 0.52428788978, 0.23557382703, 0.60926682143, 0.28808113795, 0.48009824566, 0.26765290044, 0.18763097227, 0.29371342378, 0.12676334487, 0.53368176997, 0.237577445, 0.61255487406, 0.28599600205, 0.46870913122, 0.26068178107, 0.18032222798, 0.28377603217, 0.1110596118, 0.50216141295, 0.28737432909, 0.67240629604, 0.33692928429, 0.42884963874, 0.21653409216, 0.16090930277, 0.30931735158, 0.11383943124, 0.51388984994, 0.32395402945, 0.71224546759, 0.35691450913]
    ],
    [
      [0.36672861897, 0.17391510117, 0.12919564093, 0.19686724005, 0.073993210625, 0.39057153281, 0.30533646401, 0.68494170933, 0.4007011664, 0.49779629594, 0.24106508005, 0.20872730079, 0.22369358428, 0.078554912589, 0.41106298638, 0.34693922665, 0.72722942965, 0.42207763457, 0.42936718906, 0.19421565776, 0.16685937905, 0.31163898579, 0.11877830216, 0.52399181298, 0.30417632068, 0.69259274439, 0.33911699866, 0.38418469353, 0.18862895345, 0.13689118836, 0.30045145327, 0.12763677433, 0.53725979226, 0.24566438871, 0.62370803884, 0.29089939298, 0.45388415802, 0.24865518683, 0.17184081476, 0.30038494768, 0.10629630619, 0.49678129592, 0.34663276332, 0.73278350535, 0.37973415218, 0.352982289, 0.16092018846, 0.1234845519, 0.23211657672, 0.097248537909],
      [0.45806523552, 0.24885562869, 0.62252150037, 0.32514895799, 0.51902779459, 0.28022996173, 0.21678580649, 0.28781691761, 0.12520615945, 0.52956160488, 0.23291256869, 0.60576069855, 0.28368065854, 0.4792705137, 0.269033142, 0.18675773658, 0.35161072777, 0.14734728165, 0.58194218764, 0.25559819984, 0.64042202631, 0.2803519759, 0.3927910724, 0.21223069204, 0.13770583645, 0.25923058278, 0.11629788872, 0.50474562951, 0.21658247788, 0.58047238231, 0.27917666948, 0.52418693934, 0.30322972897, 0.21607770101, 0.19613917469, 0.075740643426, 0.39482558096, 0.29025413637, 0.66878602432, 0.38660110713, 0.51360668895, 0.25547333226, 0.21857331191, 0.31384011092, 0.13918679868, 0.55964892704, 0.22555531662, 0.59760723345, 0.26649549748, 0.46060457246],
      [0.26320596787, 0.17385557548, 0.32333728639, 0.12455996746, 0.53793747749, 0.29865644933, 0.68768173479, 0.32901954398, 0.37800626428, 0.18775829775, 0.13304297852, 0.26318330937, 0.1111449806, 0.49654018904, 0.24643354168, 0.62177083684, 0.30768275073, 0.49038314896, 0.26708418256, 0.19577706023, 0.28405703394, 0.10519917101, 0.49021494999, 0.31894666811, 0.70541536921, 0.36473771802, 0.39699629795, 0.18938545978, 0.14504733199, 0.24360100304, 0.08141884931, 0.42381235143, 0.37943985179, 0.75651066252, 0.43747462802, 0.37695914518, 0.16207048817, 0.13871302055, 0.22639338533, 0.088405046871, 0.43640034981, 0.2857563185, 0.66614130068, 0.3646480636, 0.48785029617, 0.24545365245, 0.1989515866, 0.26914558367, 0.092149793686, 0.45692590146]
    ],
    [
      [0.36568162386, 0.74696658515, 0.41173887569, 0.36517279247, 0.16088362117, 0.13133522285, 0.32403998697, 0.13780658748, 0.55999172921, 0.24667386878, 0.6270387033, 0.28275205439, 0.42928614425, 0.23515470922, 0.1572562164, 0.25146867774, 0.10165672955, 0.47315734564, 0.26913071022, 0.64907045574, 0.33584106582, 0.47940061204, 0.24927281471, 0.19100158853, 0.30633050376, 0.1400409154, 0.55867799876, 0.21071803805, 0.57557387033, 0.25477406531, 0.48295145818, 0.28438521428, 0.18654793594, 0.21131417308, 0.082760035834, 0.41760090011, 0.28332613041, 0.66229702298, 0.37092331651, 0.50535969651, 0.25494294119, 0.21147578339, 0.28012231797, 0.098159767565, 0.47337167147, 0.35238267997, 0.73637108868, 0.3951498408, 0.36749500205, 0.16546914375],
      [0.13147848773, 0.24418738707, 0.10140359331, 0.47058579522, 0.25428569375, 0.63038124076, 0.32474050266, 0.50152691919, 0.26821516593, 0.20467370212, 0.17439746408, 0.057322862008, 0.33291805133, 0.38710479975, 0.7575924592, 0.49002032223, 0.43849773617, 0.18508467879, 0.17706162644, 0.27380322805, 0.10283164185, 0.48221892192, 0.31062704468, 0.6963035826, 0.36276711985, 0.41556972727, 0.20086477554, 0.15501395823, 0.23082191842, 0.099904647294, 0.46282758268, 0.23283520657, 0.60128768451, 0.30945038161, 0.53634287502, 0.29880766819, 0.22772203571, 0.23772909352, 0.093061729227, 0.4501269885, 0.2856186138, 0.66693260669, 0.35870374896, 0.47665229268, 0.24000566408, 0.19116926255, 0.29287003333, 0.1174342695, 0.51661679315, 0.27548198571],
      [0.65969076392, 0.32213755803, 0.43164798096, 0.22287496658, 0.16124564882, 0.31176586916, 0.1179908717, 0.52248351019, 0.30838058641, 0.69696120034, 0.3427083069, 0.37985354443, 0.18504792795, 0.13480818291, 0.24861442657, 0.082624404721, 0.42832437541, 0.38333194578, 0.7600354734, 0.43760421819, 0.36805362764, 0.15734012188, 0.13407140639, 0.27714816824, 0.1186391516, 0.51451176698, 0.24060876253, 0.61530629037, 0.29590301322, 0.48224306923, 0.26605455803, 0.1895852198, 0.23187214037, 0.088311310695, 0.43727886581, 0.30058702896, 0.68269708281, 0.37598739166, 0.46754083067, 0.2289916065, 0.18673374253, 0.24937100175, 0.086050851811, 0.43689269841, 0.359846485, 0.74051867398, 0.41812315979, 0.39078251326, 0.17343047421, 0.1449841418]
    ]
  ],
  "maxiter": 3600,
  "param_threshold": 0.001,
  "ll_threshold": "-Inf",
  "initial_prob": "group_proportional"
}
