{
  "W": [
    [34, 42, 24],
    [44, 20, 36],
    [43, 30, 27],
    [40, 26, 34],
    [39, 31, 30],
    [40, 25, 35],
    [55, 23, 22],
    [46, 23, 31],
    [43, 27, 30],
    [35, 32, 33],
    [35, 28, 37],
    [28, 37, 35],
    [33, 37, 30],
    [44, 31, 25],
    [41, 40, 19],
    [40, 35, 25],
    [36, 34, 30],
    [36, 37, 27],
    [31, 41, 28],
    [27, 50, 23],
    [30, 39, 31],
    [28, 42, 30],
    [34, 41, 25],
    [22, 42, 36],
    [30, 39, 31],
    [24, 43, 33],
    [29, 37, 34],
    [32, 41, 27],
    [29, 33, 38],
    [24, 43, 33],
    [25, 45, 30],
    [34, 36, 30],
    [28, 41, 31],
    [28, 37, 35],
    [26, 30, 44],
    [34, 31, 35],
    [31, 28, 41],
    [33, 26, 41],
    [33, 21, 46],
    [32, 32, 36],
    [33, 32, 35],
    [26, 30, 44],
    [27, 36, 37],
    [31, 27, 42],
    [40, 25, 35],
    [31, 31, 38],
    [36, 29, 35],
    [30, 23, 47],
    [32, 29, 39],
    [25, 29, 46]
  ],
  "X": [
    [48, 31, 21],
    [62, 22, 16],
    [50, 35, 15],
    [47, 39, 14],
    [53, 31, 16],
    [55, 30, 15],
    [59, 31, 10],
    [57, 30, 13],
    [55, 29, 16],
    [52, 32, 16],
    [51, 36, 13],
    [43, 37, 20],
    [44, 40, 16],
    [51, 33, 16],
    [47, 33, 20],
    [46, 29, 25],
    [51, 32, 17],
    [48, 32, 20],
    [43, 34, 23],
    [41, 37, 22],
    [45, 32, 23],
    [41, 31, 28],
    [39, 33, 28],
    [39, 40, 21],
    [44, 38, 18],
    [47, 33, 20],
    [53, 23, 24],
    [38, 39, 23],
    [42, 36, 22],
    [40, 39, 21],
    [35, 39, 26],
    [43, 38, 19],
    [45, 33, 22],
    [33, 40, 27],
    [45, 34, 21],
    [57, 31, 12],
    [55, 28, 17],
    [50, 34, 16],
    [54, 36, 10],
    [51, 37, 12],
    [52, 28, 20],
    [43, 35, 22],
    [52, 31, 17],
    [47, 33, 20],
    [54, 23, 23],
    [45, 29, 26],
    [49, 36, 15],
    [53, 29, 18],
    [49, 34, 17],
    [49, 35, 16]
  ],
  "real_prob": [
    [0.81127248765, 0.15674025403, 0.03198725832],
    [0.039446046698, 0.49068445487, 0.46986949843],
    [0.58761435982, 0.35433870315, 0.058046937025]
  ],
  "method": "exact",
  "prob": [
    [0.79081528706, 0.17666630691, 0.032518406033],
    [0.10727539725, 0.47150377488, 0.42122082787],
    [0.53714455538, 0.34783941996, 0.11501602466]
  ],
  "iterations": 97,
  "logLik": -269.2308393889,
  "time": 280.935641,
  "message": "Converged",
  "status": 0,
  "cond_prob": [
    [
      [0.83006743747, 0.12974841221, 0.59701140889, 0.14275446315, 0.45066206876, 0.30077255687, 0.027178099381, 0.41958951903, 0.10221603424, 0.8460306283, 0.12910176648, 0.61646158404, 0.12092418571, 0.37020017341, 0.25764812113, 0.033045185994, 0.50069806012, 0.12589029483, 0.77098608421, 0.10130658095, 0.51142225742, 0.20048585057, 0.52874570015, 0.38950879337, 0.028528065214, 0.36994771891, 0.099068949208, 0.72994660093, 0.085207845546, 0.45843329349, 0.23897299955, 0.55778219744, 0.43937479072, 0.031080399519, 0.35700995702, 0.10219191579, 0.81607534247, 0.12450052735, 0.57711817653, 0.15799654246, 0.48476146507, 0.32701764756, 0.025928115066, 0.39073800759, 0.095864175907, 0.80851280053, 0.1172508032, 0.56366336853, 0.1629599029, 0.47397421889],
      [0.33234995462, 0.028527296566, 0.40877497791, 0.10398667685, 0.79855720119, 0.12346576724, 0.55634733126, 0.18096229783, 0.56214315161, 0.36899005148, 0.020480500977, 0.31439108115, 0.07466261726, 0.80375937579, 0.11777437452, 0.55865348708, 0.16983852943, 0.49918106753, 0.34536332559, 0.026402094779, 0.38304455795, 0.095983187332, 0.81101427812, 0.11654088071, 0.56599274205, 0.15915664659, 0.45937482519, 0.32510479722, 0.029829075284, 0.4240842941, 0.10890246073, 0.81894468671, 0.12823357398, 0.58283216963, 0.15651424846, 0.49272436783, 0.32590368283, 0.02454106483, 0.37904205819, 0.091264147538, 0.79013064252, 0.11668689279, 0.54265390578, 0.18726391052, 0.55450117255, 0.37620892704, 0.022605446968, 0.32881193467, 0.081137167176, 0.77151211228],
      [0.097182538443, 0.50862591239, 0.19555022157, 0.49471387264, 0.3777194431, 0.032937666153, 0.40810358892, 0.11365464451, 0.76291825478, 0.10102190545, 0.50286290302, 0.21121573674, 0.5619653043, 0.40790548095, 0.025866008477, 0.33701279026, 0.089231616024, 0.78437268258, 0.10555225468, 0.52861928286, 0.18623862413, 0.50365975944, 0.36768191983, 0.029388693294, 0.39078798588, 0.10369879731, 0.79277578018, 0.10668727655, 0.53835273425, 0.17602176936, 0.47803152967, 0.35062348788, 0.031202450469, 0.41528119378, 0.11102377787, 0.77009465721, 0.082040626328, 0.4929916716, 0.179134663, 0.38351242223, 0.33646714809, 0.050770679792, 0.53444695145, 0.17054118031, 0.81666196334, 0.12513960445, 0.57818075896, 0.15762568614, 0.48605243316, 0.32665641905]
    ],
    [
      [0.025712350522, 0.38880796239, 0.095162821993, 0.80358029003, 0.11134709887, 0.55375062595, 0.1651468463, 0.46084667614, 0.33345875985, 0.03127286367, 0.42780622498, 0.1127906142, 0.78442355614, 0.098528392682, 0.5229716307, 0.17944798965, 0.45398175905, 0.35085214999, 0.03612845421, 0.44748984826, 0.12617621931, 0.8101055753, 0.12129945144, 0.56792073457, 0.16399365285, 0.49638886228, 0.3370751417, 0.025900771851, 0.38231168628, 0.09500412373, 0.80018361993, 0.1050177646, 0.54512253492, 0.16416767291, 0.43370677637, 0.32775501724, 0.035648707165, 0.46127545903, 0.12712244784, 0.78257311055, 0.088710502211, 0.51207039372, 0.17080325001, 0.38995827864, 0.32797537656, 0.046623639434, 0.52133121915, 0.15995422972, 0.73426987436, 0.070079337652],
      [0.44646285712, 0.20971764589, 0.40253750957, 0.3746224859, 0.056012479747, 0.52738315278, 0.17891465698, 0.76607146475, 0.096547975199, 0.50253924492, 0.20238529106, 0.51281464862, 0.38914745429, 0.03154324419, 0.39063737618, 0.10831330079, 0.78203545929, 0.10741355667, 0.52741314553, 0.19096143537, 0.52755662507, 0.3773047923, 0.027003105349, 0.36502981826, 0.095282062169, 0.84257319251, 0.14555215187, 0.62180305604, 0.13474400869, 0.46903721969, 0.29083464681, 0.022682798797, 0.38541062843, 0.087362297156, 0.86933297918, 0.14682124297, 0.65755757688, 0.099912883587, 0.34022028856, 0.22101104997, 0.030754137236, 0.51295846846, 0.12143137315, 0.72109415087, 0.074360294311, 0.43985981872, 0.2358909848, 0.48891105527, 0.42244945261, 0.043014864332],
      [0.43672865042, 0.13769072868, 0.74468618893, 0.080256063823, 0.46725395829, 0.21161719622, 0.45687205448, 0.38911377663, 0.04369661485, 0.4628718817, 0.14363226508, 0.77576046469, 0.10117222273, 0.51610131122, 0.19382387913, 0.50871597732, 0.37798302654, 0.030415656175, 0.39011179995, 0.10591566224, 0.72860484406, 0.074976392766, 0.44703137413, 0.2263747624, 0.46890974075, 0.40798975355, 0.045020393542, 0.45611386649, 0.14497887232, 0.74889623248, 0.088234314672, 0.47870309225, 0.21668256986, 0.5125533894, 0.40602902021, 0.034421197666, 0.39921229592, 0.11526788754, 0.81145099294, 0.11566656784, 0.56571106182, 0.15786210478, 0.45330955809, 0.32239255434, 0.030686902287, 0.43102387407, 0.11189638385, 0.65686776461, 0.052267045019, 0.36210919787]
    ],
    [
      [0.27858576027, 0.44366889484, 0.45096713152, 0.064546475121, 0.50406406014, 0.18692367062, 0.7721775612, 0.091225564621, 0.50424128341, 0.1877872161, 0.44408543463, 0.35897657596, 0.040035222698, 0.46468900075, 0.13678214062, 0.85352520306, 0.17061024984, 0.64832072431, 0.13116155938, 0.52755921112, 0.29103346961, 0.01531323756, 0.30183053904, 0.060645806079, 0.83983545106, 0.1364495456, 0.61328082293, 0.13343566556, 0.43521124817, 0.28481901022, 0.026728883376, 0.42833920623, 0.10190016685, 0.78216090226, 0.10315586698, 0.52455213863, 0.18673123138, 0.49296487543, 0.3663605513, 0.031107866354, 0.40387925759, 0.10908731007, 0.79254762273, 0.12284888105, 0.54926308582, 0.18822699158, 0.58356838657, 0.38116463391, 0.019225385693, 0.29358273238],
      [0.069572280265, 0.8100039758, 0.13535597361, 0.57634671163, 0.17265400547, 0.5794654111, 0.35922718527, 0.017342018726, 0.28517861529, 0.064426103096, 0.82925071459, 0.12281541449, 0.59156094728, 0.13906691988, 0.41406812069, 0.29030319376, 0.031682365524, 0.46311646482, 0.11813585896, 0.75284147371, 0.081910809361, 0.47656357733, 0.20247177669, 0.44068591625, 0.37534446178, 0.044686749594, 0.47740327439, 0.14809196088, 0.84958985905, 0.15417585101, 0.63542549106, 0.12953469897, 0.47295781427, 0.28313734633, 0.020875441979, 0.37286633472, 0.081437162609, 0.76699316987, 0.088132588683, 0.49627694856, 0.19119312794, 0.43939790277, 0.36212546808, 0.041813702194, 0.47246950855, 0.14159758336, 0.81158610401, 0.094314311998, 0.54796280113, 0.1374067274],
      [0.31984065238, 0.27164898841, 0.051007168585, 0.58584503562, 0.18038821046, 0.77045606303, 0.079633203932, 0.49071665064, 0.17459855213, 0.36141168507, 0.32588638545, 0.054945384846, 0.558955111, 0.18339696391, 0.77472389227, 0.10375886253, 0.51716951043, 0.19753636372, 0.53033794295, 0.38596830173, 0.027739744013, 0.36590319451, 0.096862187846, 0.80895839192, 0.10886583406, 0.55802838424, 0.15534230805, 0.41806564885, 0.31328129436, 0.035699300034, 0.47306851709, 0.1286903214, 0.78739319064, 0.10553085666, 0.53187238607, 0.18183069559, 0.48841533957, 0.35941981779, 0.030776113776, 0.40605380378, 0.10870779614, 0.80149515128, 0.11726310692, 0.55569545907, 0.17221095408, 0.50470176105, 0.34909511038, 0.026293894637, 0.37803513203, 0.095209430545]
    ]
  ],
  "maxiter": 3600,
  "param_threshold": 0.001,
  "ll_threshold": "-Inf",
  "initial_prob": "group_proportional"
}
