{
  "W": [
    [40, 27, 33],
    [36, 30, 34],
    [41, 31, 28],
    [40, 30, 30],
    [36, 30, 34],
    [43, 27, 30],
    [42, 29, 29],
    [36, 37, 27],
    [40, 32, 28],
    [45, 27, 28],
    [40, 31, 29],
    [42, 28, 30],
    [33, 30, 37],
    [28, 31, 41],
    [37, 33, 30],
    [49, 28, 23],
    [42, 32, 26],
    [26, 43, 31],
    [16, 42, 42],
    [33, 39, 28],
    [32, 35, 33],
    [21, 51, 28],
    [37, 33, 30],
    [30, 47, 23],
    [28, 41, 31],
    [30, 34, 36],
    [34, 38, 28],
    [37, 40, 23],
    [33, 39, 28],
    [37, 45, 18],
    [27, 37, 36],
    [32, 35, 33],
    [31, 37, 32],
    [26, 30, 44],
    [30, 23, 47],
    [47, 28, 25],
    [31, 24, 45],
    [37, 33, 30],
    [32, 33, 35],
    [19, 41, 40],
    [28, 33, 39],
    [23, 29, 48],
    [26, 29, 45],
    [26, 32, 42],
    [31, 29, 40],
    [27, 31, 42],
    [32, 34, 34],
    [35, 36, 29],
    [31, 27, 42],
    [32, 26, 42]
  ],
  "X": [
    [44, 30, 26],
    [38, 30, 32],
    [35, 33, 32],
    [41, 30, 29],
    [42, 26, 32],
    [40, 26, 34],
    [40, 34, 26],
    [40, 24, 36],
    [32, 28, 40],
    [43, 26, 31],
    [43, 28, 29],
    [45, 22, 33],
    [40, 28, 32],
    [27, 46, 27],
    [39, 29, 32],
    [41, 27, 32],
    [42, 26, 32],
    [28, 37, 35],
    [21, 40, 39],
    [34, 34, 32],
    [32, 27, 41],
    [27, 29, 44],
    [37, 26, 37],
    [25, 35, 40],
    [30, 38, 32],
    [27, 32, 41],
    [30, 32, 38],
    [34, 25, 41],
    [35, 30, 35],
    [35, 26, 39],
    [37, 29, 34],
    [33, 26, 41],
    [41, 28, 31],
    [31, 38, 31],
    [41, 34, 25],
    [40, 23, 37],
    [35, 39, 26],
    [33, 27, 40],
    [31, 41, 28],
    [24, 34, 42],
    [31, 32, 37],
    [24, 42, 34],
    [33, 37, 30],
    [30, 34, 36],
    [41, 27, 32],
    [37, 37, 26],
    [35, 38, 27],
    [35, 33, 32],
    [28, 38, 34],
    [41, 31, 28]
  ],
  "real_prob": [
    [0.66550375913, 0.10551147598, 0.22898476489],
    [0.048913794224, 0.25273407214, 0.69835213364],
    [0.31781928034, 0.59669004549, 0.085490674171]
  ],
  "method": "exact",
  "prob": [
    [0.74218803266, 0.071851588633, 0.18596037871],
    [0.069554055097, 0.27301110595, 0.65743483895],
    [0.23699035997, 0.59850773597, 0.16450190406]
  ],
  "iterations": 101,
  "logLik": -271.1265150516,
  "time": 451.209774,
  "message": "Converged",
  "status": 0,
  "cond_prob": [
    [
      [0.80498020143, 0.093912697675, 0.28076209411, 0.062265206563, 0.300583774, 0.58768575271, 0.13275459201, 0.60550352833, 0.13155215318, 0.75797143177, 0.073239340129, 0.25046612507, 0.065205439653, 0.26047084997, 0.58348466687, 0.17682312857, 0.6662898099, 0.16604920807, 0.69391698506, 0.05403960948, 0.17407770424, 0.099353205705, 0.32040351138, 0.67835748976, 0.20672980924, 0.62555687914, 0.147564806, 0.7768282232, 0.080444406124, 0.25045129628, 0.069582060092, 0.29854164083, 0.60868227905, 0.15358971671, 0.62101395305, 0.14086642467, 0.79625417645, 0.089899626696, 0.31287826021, 0.048480356384, 0.22587730154, 0.51407023894, 0.15526546717, 0.68422307177, 0.17305150085, 0.72545370052, 0.062884327507, 0.23692046783, 0.064170429903, 0.2293283002],
      [0.56829358029, 0.21037586957, 0.70778737229, 0.19478595188, 0.75896689626, 0.073029394091, 0.20708751478, 0.091136793721, 0.36403039675, 0.67639217786, 0.14989631002, 0.56294020916, 0.11652030736, 0.79106493657, 0.087213886202, 0.30721290719, 0.049082982026, 0.22413753161, 0.51629348064, 0.1598520814, 0.68864858218, 0.17649361217, 0.64276380997, 0.043790701956, 0.17457661209, 0.083159308429, 0.23367986628, 0.61413828364, 0.2740768816, 0.72252943177, 0.21128510427, 0.75579086025, 0.072599431172, 0.25104380882, 0.064271670139, 0.25501431508, 0.57937101202, 0.17993746961, 0.67238625375, 0.16958517916, 0.79972202935, 0.091186990362, 0.2822180043, 0.06036724517, 0.2852100326, 0.57737238561, 0.13991072548, 0.62360297704, 0.14040961009, 0.78643890152],
      [0.085429777982, 0.31925107842, 0.044311696369, 0.19841523757, 0.48610940335, 0.16924940211, 0.71615498445, 0.19463951823, 0.79165638184, 0.087598886559, 0.30398304872, 0.050628216116, 0.23112687112, 0.52420169553, 0.15771540205, 0.68127424232, 0.17181525575, 0.68888179877, 0.052271313251, 0.14855851033, 0.12538521734, 0.3960922841, 0.73683788067, 0.18573298389, 0.55163640265, 0.114603609, 0.77338896998, 0.079103223475, 0.25914005786, 0.064522644087, 0.27343012551, 0.58631560089, 0.16208838593, 0.64746665101, 0.15454434124, 0.71066931086, 0.05852373398, 0.19732779202, 0.084862636545, 0.28877986131, 0.64156063881, 0.20446805259, 0.65269640471, 0.16111156917, 0.77483614936, 0.079810826613, 0.26549751059, 0.061835426312, 0.2638510625, 0.57537223441]
    ],
    [
      [0.16332842433, 0.65633811088, 0.159130255, 0.73345140273, 0.064234850495, 0.19897306315, 0.089707553917, 0.32789599651, 0.66348631446, 0.17684104336, 0.607869153, 0.13754062238, 0.68843476553, 0.052346661749, 0.18539247519, 0.087491448252, 0.27753651758, 0.64151435927, 0.22407378621, 0.67011682067, 0.17309316554, 0.75892947076, 0.072927609541, 0.21825538189, 0.083268876938, 0.33324557952, 0.65198390928, 0.15780165231, 0.59382681094, 0.12976070883, 0.70044021335, 0.056032144697, 0.23105418511, 0.0609928084, 0.20154018574, 0.54528253425, 0.23856697825, 0.74242766956, 0.22366328064, 0.75860805022, 0.073035935112, 0.26229993766, 0.059303390516, 0.23812832977, 0.55750299933, 0.18208855926, 0.68883573512, 0.18019706301, 0.73681711123, 0.066234435443],
      [0.25173435049, 0.059434752511, 0.22077084644, 0.55051587416, 0.20374813626, 0.71299471812, 0.19774977535, 0.65134433098, 0.044650092564, 0.14613546609, 0.11444898991, 0.32756067214, 0.70309472662, 0.23420667911, 0.6277892353, 0.15076980729, 0.74785651945, 0.068793837779, 0.20127322924, 0.092068447435, 0.35339358607, 0.67525633687, 0.16007503311, 0.57781257615, 0.12347043389, 0.64016040204, 0.043185825137, 0.17574638567, 0.081384358614, 0.22693948076, 0.60673685822, 0.27845523935, 0.72987469411, 0.21751675611, 0.67913412966, 0.050646051839, 0.17803177221, 0.091014193565, 0.28166321628, 0.65008268572, 0.22985167678, 0.66769073188, 0.17188554207, 0.71425353395, 0.059443179588, 0.22586487219, 0.066986922942, 0.2312321442, 0.57705209058, 0.21875954311],
      [0.70932467622, 0.19708303723, 0.76352904798, 0.074992431014, 0.24567273597, 0.068649515898, 0.2801870817, 0.60025963533, 0.16782143612, 0.64482048729, 0.15406762871, 0.74829546451, 0.069415154982, 0.23274365773, 0.071420342631, 0.27629698866, 0.60689349072, 0.18028419286, 0.65428785636, 0.16036285155, 0.8100067724, 0.096989017879, 0.32058954121, 0.048801826514, 0.24162352939, 0.52061889157, 0.14119140108, 0.66138745273, 0.15879156722, 0.71271775298, 0.059265221165, 0.24602270194, 0.056443287875, 0.19379855873, 0.52760197675, 0.23083895915, 0.74693622011, 0.22637532132, 0.83526235758, 0.11301107445, 0.34142053626, 0.047378385313, 0.26537940087, 0.52225725697, 0.11735925711, 0.62160952467, 0.13632220677, 0.74018802829, 0.066837201387, 0.22159080052]
    ],
    [
      [0.076838328451, 0.28720053252, 0.62241335192, 0.18297364326, 0.64596226609, 0.15599584756, 0.81289735597, 0.098612417314, 0.3052126324, 0.054911716177, 0.27430617161, 0.55411928867, 0.13219092785, 0.62708141107, 0.14066807893, 0.69874151678, 0.055817314938, 0.22385055573, 0.064459682645, 0.21211833854, 0.56124325746, 0.23679880058, 0.73206434652, 0.21490618681, 0.75356481122, 0.071324256123, 0.22061574901, 0.081045032222, 0.31710596738, 0.64171246186, 0.16539015656, 0.61156977649, 0.13767178913, 0.67889738005, 0.051001313741, 0.20659178615, 0.069727822116, 0.21622980492, 0.57614956731, 0.25137479783, 0.73276888134, 0.21725864654, 0.71925195022, 0.060069851205, 0.17147521438, 0.10964954954, 0.38103674912, 0.71191433411, 0.17109850024, 0.55889339967],
      [0.11661045151, 0.69642428618, 0.054605298373, 0.21322803323, 0.07013304709, 0.22838297728, 0.58259425092, 0.23344266673, 0.71701172435, 0.20417771585, 0.71757651204, 0.060366467054, 0.22860933975, 0.066801324728, 0.23231069951, 0.57598230317, 0.21562216324, 0.70732283343, 0.19540835708, 0.65002452043, 0.044689532178, 0.1615299916, 0.097819801763, 0.2786555968, 0.65977358859, 0.2521556778, 0.67665487103, 0.17869641981, 0.76225510158, 0.074631399464, 0.24482348388, 0.069333539204, 0.28062662532, 0.60131457436, 0.16841135922, 0.64474197522, 0.15386194176, 0.71696421824, 0.060146019925, 0.22462518305, 0.068978783858, 0.23921717206, 0.58456195509, 0.2140569979, 0.70063680801, 0.19081286186, 0.80422137325, 0.09418229646, 0.3334462708, 0.043782258213],
      [0.21109817689, 0.48802257164, 0.15199636853, 0.69471952665, 0.17853115756, 0.81608151762, 0.099952979945, 0.28255372967, 0.064193164016, 0.32541825831, 0.59949568009, 0.11972531837, 0.57462876175, 0.11795059024, 0.77552971787, 0.07928884482, 0.22021259719, 0.086579090062, 0.36823858734, 0.66792226907, 0.13789119207, 0.55247256784, 0.11186513374, 0.74919719342, 0.069656369647, 0.21622306631, 0.082132434501, 0.31736150193, 0.64483968011, 0.16867037208, 0.61298212843, 0.13893725358, 0.64633833381, 0.04419525697, 0.16119618366, 0.097069582502, 0.27418934681, 0.65685072806, 0.25659208369, 0.68161539622, 0.18195308828, 0.80410376271, 0.093820199521, 0.30546081918, 0.052858306053, 0.25417254395, 0.54047733485, 0.14303793123, 0.65200725653, 0.15406184597]
    ]
  ],
  "maxiter": 3600,
  "param_threshold": 0.001,
  "ll_threshold": "-Inf",
  "initial_prob": "group_proportional"
}
