{
  "W": [
    [37, 28, 35],
    [43, 30, 27],
    [40, 28, 32],
    [33, 34, 33],
    [35, 29, 36],
    [37, 30, 33],
    [39, 31, 30],
    [34, 37, 29],
    [43, 19, 38],
    [49, 25, 26],
    [32, 36, 32],
    [48, 24, 28],
    [41, 28, 31],
    [43, 33, 24],
    [39, 34, 27],
    [43, 28, 29],
    [39, 32, 29],
    [28, 50, 22],
    [25, 40, 35],
    [37, 41, 22],
    [34, 35, 31],
    [32, 28, 40],
    [31, 38, 31],
    [27, 43, 30],
    [20, 44, 36],
    [33, 39, 28],
    [32, 45, 23],
    [27, 39, 34],
    [25, 48, 27],
    [23, 44, 33],
    [30, 37, 33],
    [35, 40, 25],
    [24, 41, 35],
    [30, 33, 37],
    [35, 22, 43],
    [24, 35, 41],
    [28, 32, 40],
    [30, 32, 38],
    [35, 28, 37],
    [29, 32, 39],
    [32, 31, 37],
    [32, 33, 35],
    [27, 31, 42],
    [33, 32, 35],
    [28, 31, 41],
    [25, 38, 37],
    [42, 19, 39],
    [38, 28, 34],
    [28, 29, 43],
    [33, 23, 44]
  ],
  "X": [
    [22, 30, 48],
    [31, 24, 45],
    [22, 34, 44],
    [26, 29, 45],
    [21, 39, 40],
    [27, 24, 49],
    [38, 24, 38],
    [18, 27, 55],
    [23, 38, 39],
    [23, 36, 41],
    [24, 19, 57],
    [25, 34, 41],
    [18, 34, 48],
    [25, 24, 51],
    [22, 29, 49],
    [18, 28, 54],
    [32, 26, 42],
    [23, 29, 48],
    [18, 24, 58],
    [31, 20, 49],
    [22, 26, 52],
    [30, 31, 39],
    [23, 23, 54],
    [21, 30, 49],
    [29, 23, 48],
    [19, 26, 55],
    [28, 20, 52],
    [21, 27, 52],
    [21, 26, 53],
    [24, 19, 57],
    [25, 23, 52],
    [21, 31, 48],
    [25, 21, 54],
    [24, 29, 47],
    [29, 27, 44],
    [20, 27, 53],
    [27, 24, 49],
    [23, 21, 56],
    [28, 33, 39],
    [29, 24, 47],
    [20, 31, 49],
    [31, 27, 42],
    [35, 24, 41],
    [20, 31, 49],
    [26, 21, 53],
    [20, 28, 52],
    [35, 28, 37],
    [19, 32, 49],
    [32, 20, 48],
    [28, 28, 44]
  ],
  "real_prob": [
    [0.28780127691, 0.47539226441, 0.23680645868],
    [0.086795373521, 0.095456875178, 0.8177477513],
    [0.36275581067, 0.24309939667, 0.39414479267]
  ],
  "method": "exact",
  "prob": [
    [0.26237463349, 0.4653688372, 0.27225652932],
    [0.14500710384, 0.09517300564, 0.75981989052],
    [0.3378719351, 0.25124654742, 0.41088151748]
  ],
  "iterations": 87,
  "logLik": -282.33266833,
  "time": 290.196617,
  "message": "Converged",
  "status": 0,
  "cond_prob": [
    [
      [0.22509680986, 0.12021113335, 0.29444303718, 0.48751870661, 0.095861854012, 0.26507645552, 0.28738448353, 0.78392701264, 0.4404805073, 0.33840378697, 0.17832807955, 0.4110664731, 0.38422326666, 0.07460200098, 0.1940866483, 0.27737294637, 0.74706991947, 0.3948468786, 0.2197340527, 0.12951103952, 0.29951027454, 0.52950949059, 0.11491873397, 0.30005924454, 0.2507564567, 0.75557022651, 0.40043048092, 0.26737648941, 0.16019045011, 0.3554575923, 0.49387511735, 0.10883131801, 0.27278352469, 0.23874839324, 0.73097823188, 0.37175888301, 0.19436593652, 0.1349422646, 0.28566295968, 0.60554823625, 0.15469167301, 0.36999314483, 0.20008582723, 0.71036606239, 0.34434389549, 0.29188154664, 0.14651302271, 0.35772703312, 0.40434370589, 0.074735929442],
      [0.20597590905, 0.30377474747, 0.77875104785, 0.43629705782, 0.39891425894, 0.24621412406, 0.49365686852, 0.39037110222, 0.088696750324, 0.20086425845, 0.21071463885, 0.66508912562, 0.30547887303, 0.20037736001, 0.099599109548, 0.2586897485, 0.47947238457, 0.087673911352, 0.25703462774, 0.32015025542, 0.8127269791, 0.48427562376, 0.21411163017, 0.13143668701, 0.2972606013, 0.54875507808, 0.12413356175, 0.3169735255, 0.23713329175, 0.74442975124, 0.3857658732, 0.23223448774, 0.13763299804, 0.31460327498, 0.52089446319, 0.11378477941, 0.29352122379, 0.24687104907, 0.74858222255, 0.39187550123, 0.28119870148, 0.1241610772, 0.32912008668, 0.35579734824, 0.057802059511, 0.17292533481, 0.36300395029, 0.81803686329, 0.49795457851, 0.25234753327],
      [0.14640023635, 0.33477545467, 0.49573305339, 0.10601265425, 0.27358963339, 0.25191941334, 0.74758710939, 0.39163491194, 0.18334146836, 0.099683120274, 0.24812491709, 0.53085509618, 0.10630630277, 0.2986569219, 0.28580343546, 0.79401057695, 0.45321816101, 0.28413998409, 0.13695167785, 0.34427397146, 0.39376936197, 0.069934164722, 0.19833708331, 0.32209065394, 0.79311415742, 0.45738894523, 0.23781699642, 0.12822503073, 0.30983281832, 0.48041473661, 0.095352223127, 0.26006850689, 0.28176826697, 0.77642274614, 0.4300986748, 0.19566166932, 0.089396675084, 0.24425659714, 0.44609091483, 0.075126159572, 0.23153648946, 0.35824741585, 0.83547716534, 0.5242069134, 0.33889830544, 0.19918458303, 0.42789860107, 0.42522048915, 0.092001405686, 0.22318468763]
    ],
    [
      [0.23588120541, 0.70881401129, 0.3489167113, 0.24927134404, 0.16699705818, 0.34866133901, 0.54653699392, 0.13439244628, 0.31715190255, 0.20419166204, 0.69861049554, 0.33418675845, 0.20115722294, 0.098528496619, 0.25799798748, 0.47224804714, 0.084969802393, 0.25128590645, 0.32659472992, 0.81650170099, 0.49071610607, 0.36578047074, 0.19175191493, 0.43655882138, 0.35832861006, 0.069115391599, 0.17764138055, 0.27589091919, 0.73913269347, 0.38579979807, 0.24077185856, 0.12309979018, 0.30662142428, 0.45628917579, 0.08583170253, 0.24135672369, 0.30293896565, 0.79106850729, 0.45202185203, 0.28732893915, 0.1879832829, 0.38854855065, 0.50632228681, 0.12187402406, 0.28463035371, 0.20634877404, 0.69014269303, 0.32682109564, 0.26023577526, 0.12903059209],
      [0.32353317638, 0.4264882275, 0.077758527587, 0.22013035159, 0.31327599725, 0.79321088033, 0.45633647203, 0.21889844212, 0.13762474339, 0.3057292699, 0.55227810104, 0.12753001171, 0.32015669228, 0.22882345684, 0.7348452449, 0.37411403782, 0.30863846482, 0.18915756109, 0.4028971671, 0.46566791774, 0.10472874722, 0.25218268799, 0.22569361743, 0.7061136917, 0.34492014491, 0.21452557701, 0.10771796073, 0.27570198179, 0.47151972939, 0.087071695948, 0.25157331386, 0.3139546936, 0.80521034332, 0.47272470435, 0.33566582496, 0.17537375327, 0.40725542192, 0.3829756605, 0.073542399863, 0.19284221174, 0.28135851453, 0.75108384687, 0.39990236634, 0.22390257759, 0.12410868769, 0.29748210544, 0.50284823538, 0.10241654055, 0.27731919304, 0.27324918703],
      [0.77347477175, 0.42519870153, 0.23430274708, 0.13764046481, 0.31613663008, 0.51528932268, 0.11109483987, 0.28834128219, 0.25040793024, 0.75126469532, 0.39552208772, 0.28337876891, 0.13830351091, 0.34536163136, 0.39950660872, 0.071572022375, 0.20188421257, 0.31711462237, 0.79012446672, 0.45275415606, 0.27745244113, 0.14221974206, 0.34588776697, 0.42549508709, 0.080193044544, 0.22024256786, 0.29705247178, 0.7775872134, 0.43386966517, 0.22479074604, 0.13569093363, 0.30818746174, 0.53346721783, 0.11839850655, 0.30370828455, 0.24174203613, 0.74591055982, 0.38810425371, 0.28223140139, 0.1448619918, 0.35106013437, 0.42177621576, 0.079501942094, 0.21765117703, 0.29599238286, 0.77563606611, 0.4312886886, 0.24344007054, 0.14149440362, 0.32506709633]
    ],
    [
      [0.50366497883, 0.10765520614, 0.27938996845, 0.25289495063, 0.75085039024, 0.39554293522, 0.28697168456, 0.1541517323, 0.36196867279, 0.43614089789, 0.086278361513, 0.22876615397, 0.27688741755, 0.75956990618, 0.40926517325, 0.2059390907, 0.11032692235, 0.27307364734, 0.50504403115, 0.099423812238, 0.27802706888, 0.28901687815, 0.79024926541, 0.44889928378, 0.28309815951, 0.15038888355, 0.3565201815, 0.43498653142, 0.084971490626, 0.2275322355, 0.28191530907, 0.76463962582, 0.415947583, 0.25573444067, 0.1152486219, 0.30631607576, 0.38738870664, 0.064227851102, 0.19271177804, 0.35687685268, 0.820523527, 0.5009721462, 0.26869016152, 0.1769733823, 0.36866458493, 0.52470114317, 0.12717852948, 0.29930976119, 0.20660869531, 0.69584808823],
      [0.33202565388, 0.30327150328, 0.16621562458, 0.38169811329, 0.42979771389, 0.086628490531, 0.22471165642, 0.26693078283, 0.74715588489, 0.3935902303, 0.2015236013, 0.11231296364, 0.27214980772, 0.52438583131, 0.10751779443, 0.29423248029, 0.27409056739, 0.78016924192, 0.43361771199, 0.31643199193, 0.1954990276, 0.41207738136, 0.46202936946, 0.10498729777, 0.25001369574, 0.22153863861, 0.69951367463, 0.33790892291, 0.35248220274, 0.21580152041, 0.44745555698, 0.42758025513, 0.096246475471, 0.22551648504, 0.21993754213, 0.68795200412, 0.32702795797, 0.20379689986, 0.11390644528, 0.27513417302, 0.52354645028, 0.10765575731, 0.29365665448, 0.27265664986, 0.7784377974, 0.4312091725, 0.28200012964, 0.13408745785, 0.34017768723, 0.38915915018],
      [0.068056666051, 0.19497041823, 0.32884072018, 0.79785587609, 0.46485189454, 0.20760919716, 0.11678431189, 0.28032341133, 0.52246678592, 0.10797830801, 0.2928420175, 0.26992401692, 0.7752373801, 0.42683457117, 0.3424903834, 0.20059830197, 0.43087272205, 0.42094269268, 0.090860957316, 0.22036022355, 0.23656692392, 0.70854074072, 0.3487670544, 0.19345732241, 0.10293041054, 0.25784030157, 0.51346465871, 0.10059761333, 0.28445911163, 0.29307801888, 0.79647197612, 0.4577005868, 0.34027349612, 0.17209490878, 0.40654859893, 0.36537752466, 0.067970381434, 0.18135554065, 0.29434897922, 0.75993470978, 0.41209586042, 0.27397687416, 0.15115776893, 0.35186669244, 0.45776280464, 0.092979378619, 0.24443867588, 0.2682603212, 0.75586285245, 0.40369463169]
    ]
  ],
  "maxiter": 3600,
  "param_threshold": 0.001,
  "ll_threshold": "-Inf",
  "initial_prob": "group_proportional"
}
