{
  "W": [
    [41, 31, 28],
    [50, 21, 29],
    [43, 33, 24],
    [37, 34, 29],
    [40, 31, 29],
    [38, 31, 31],
    [41, 35, 24],
    [43, 26, 31],
    [41, 26, 33],
    [36, 29, 35],
    [32, 35, 33],
    [43, 33, 24],
    [41, 28, 31],
    [42, 34, 24],
    [36, 34, 30],
    [37, 30, 33],
    [41, 32, 27],
    [33, 37, 30],
    [30, 42, 28],
    [24, 47, 29],
    [30, 34, 36],
    [31, 38, 31],
    [25, 46, 29],
    [34, 35, 31],
    [36, 30, 34],
    [29, 41, 30],
    [29, 37, 34],
    [33, 37, 30],
    [33, 40, 27],
    [29, 44, 27],
    [35, 35, 30],
    [27, 35, 38],
    [32, 42, 26],
    [34, 36, 30],
    [27, 32, 41],
    [31, 30, 39],
    [24, 27, 49],
    [31, 29, 40],
    [32, 30, 38],
    [28, 26, 46],
    [27, 32, 41],
    [23, 32, 45],
    [27, 36, 37],
    [35, 22, 43],
    [28, 35, 37],
    [22, 31, 47],
    [34, 33, 33],
    [29, 35, 36],
    [27, 31, 42],
    [36, 27, 37]
  ],
  "X": [
    [23, 35, 42],
    [19, 48, 33],
    [25, 38, 37],
    [22, 41, 37],
    [30, 33, 37],
    [24, 46, 30],
    [31, 39, 30],
    [24, 38, 38],
    [17, 46, 37],
    [25, 36, 39],
    [28, 38, 34],
    [31, 31, 38],
    [26, 38, 36],
    [18, 43, 39],
    [24, 39, 37],
    [23, 48, 29],
    [22, 41, 37],
    [23, 35, 42],
    [22, 40, 38],
    [24, 37, 39],
    [19, 43, 38],
    [30, 37, 33],
    [26, 33, 41],
    [25, 40, 35],
    [26, 38, 36],
    [28, 28, 44],
    [29, 31, 40],
    [36, 32, 32],
    [36, 33, 31],
    [31, 40, 29],
    [26, 43, 31],
    [29, 35, 36],
    [25, 34, 41],
    [27, 37, 36],
    [23, 39, 38],
    [29, 42, 29],
    [28, 34, 38],
    [22, 45, 33],
    [25, 33, 42],
    [22, 40, 38],
    [29, 43, 28],
    [22, 40, 38],
    [35, 28, 37],
    [22, 42, 36],
    [25, 44, 31],
    [31, 40, 29],
    [25, 38, 37],
    [27, 30, 43],
    [28, 37, 35],
    [28, 36, 36]
  ],
  "real_prob": [
    [0.0062612288912, 0.51878558508, 0.47495318603],
    [0.46529559476, 0.13566319043, 0.3990412148],
    [0.31634478001, 0.48789767094, 0.19575754905]
  ],
  "method": "exact",
  "prob": [
    [0.15292730358, 0.49573144114, 0.35134125528],
    [0.38354482004, 0.2172566186, 0.39919856135],
    [0.24051678867, 0.43004135919, 0.32944185214]
  ],
  "iterations": 86,
  "logLik": -277.4709709649,
  "time": 373.649126,
  "message": "Converged",
  "status": 0,
  "cond_prob": [
    [
      [0.14232927328, 0.35063646608, 0.22481319097, 0.44521952, 0.19055154431, 0.38710363594, 0.41245120672, 0.45881198961, 0.38808317309, 0.12290827923, 0.33838218155, 0.19822621468, 0.55957985106, 0.26734732599, 0.49678322763, 0.31751186971, 0.39427049246, 0.30499055769, 0.15319981316, 0.38266028826, 0.24102577172, 0.48656032854, 0.2110726809, 0.42135447512, 0.36023985829, 0.40626703084, 0.33761975315, 0.12638229109, 0.33656965579, 0.20277541147, 0.52331442967, 0.24206313326, 0.46231791626, 0.35030327924, 0.42136721095, 0.33490667227, 0.19344548341, 0.44156789918, 0.29564054445, 0.43033555846, 0.17067770101, 0.36191617001, 0.37621895813, 0.38775439981, 0.34244328554, 0.13977652386, 0.37966331724, 0.22319126641, 0.57590420923, 0.27161706136],
      [0.50630681119, 0.2843192669, 0.34871962139, 0.2705019224, 0.19067622158, 0.46104645334, 0.29356871035, 0.51294636195, 0.21538029608, 0.43462036655, 0.29637741646, 0.32357325059, 0.27181092311, 0.15403897363, 0.37985192001, 0.24194110367, 0.46950195983, 0.20111587976, 0.40588396302, 0.37645906654, 0.41903220023, 0.35217493332, 0.10091540072, 0.2853227432, 0.1649720378, 0.55109879314, 0.27053818375, 0.49608959708, 0.34798580614, 0.44413907304, 0.33893836512, 0.1544951897, 0.37776352725, 0.24237231088, 0.45833227316, 0.19472455881, 0.39580074174, 0.38717253715, 0.42751191394, 0.36182694738, 0.16400829598, 0.40816789265, 0.25654116018, 0.50299542845, 0.21746404015, 0.43311832982, 0.33299627557, 0.3743680672, 0.31034051, 0.20275481295],
      [0.45144426053, 0.30766176857, 0.40894684788, 0.15820385017, 0.3414399369, 0.38829833917, 0.3903518893, 0.35089829453, 0.16473048469, 0.4026703136, 0.25713810797, 0.47784782989, 0.20290547156, 0.41054470229, 0.35742168543, 0.39442421485, 0.33231718974, 0.10225315135, 0.2853391563, 0.16682651371, 0.53723969992, 0.26033949265, 0.48268291056, 0.36050714873, 0.45432135105, 0.35049057573, 0.1402327134, 0.36090304882, 0.22269728859, 0.50368685348, 0.22517433077, 0.44037820095, 0.35608043312, 0.41392262041, 0.33692451046, 0.13249029698, 0.36914255876, 0.21283582572, 0.594776061, 0.28772953047, 0.52610302512, 0.27273364202, 0.34312791077, 0.26106114916, 0.13059391515, 0.34393714231, 0.20887633055, 0.51629746387, 0.23614375393, 0.45463717984]
    ],
    [
      [0.35310862098, 0.41991910376, 0.33648648961, 0.13191876423, 0.33370031604, 0.20999230289, 0.46323655793, 0.20359989295, 0.4059999183, 0.40484467783, 0.462699791, 0.38400777881, 0.11592940904, 0.31608037864, 0.18738363664, 0.53460484139, 0.25323945995, 0.47592133715, 0.34946574956, 0.43068016141, 0.33669502621, 0.12250507487, 0.32658101105, 0.19691623048, 0.51787062573, 0.23989712403, 0.45848069494, 0.3596242994, 0.43352186493, 0.34460307458, 0.10326632242, 0.28936022434, 0.16843785277, 0.54503377733, 0.26533586192, 0.4896546493, 0.35169990025, 0.44530391374, 0.34190749793, 0.17400425801, 0.42689083836, 0.27045213368, 0.50191832457, 0.21390281567, 0.42942661106, 0.32407741742, 0.35920634597, 0.30012125526, 0.13937853646, 0.35022441411],
      [0.2208694324, 0.46882830698, 0.20469220083, 0.40908452025, 0.39179315656, 0.44508338506, 0.37004604735, 0.14376505115, 0.37263228725, 0.22805994217, 0.52060773146, 0.23439505479, 0.45469387784, 0.3356272174, 0.39297265796, 0.31724617999, 0.15893790916, 0.39360471651, 0.24912040514, 0.48567148631, 0.20895050236, 0.41903857124, 0.35539060453, 0.39744478113, 0.33184102362, 0.16435284429, 0.38004768621, 0.25506041271, 0.3938025493, 0.15824208894, 0.33639334745, 0.44184460641, 0.46171022485, 0.40854623984, 0.17262891114, 0.40302996278, 0.26710743982, 0.42484398665, 0.17236159397, 0.36182780618, 0.40252710221, 0.42460844325, 0.371064754, 0.22506673491, 0.49842330498, 0.33770451546, 0.44442818717, 0.17098422131, 0.36691512117, 0.33050507792],
      [0.33059247371, 0.29538036337, 0.21951559969, 0.49552499602, 0.33092538404, 0.46426637994, 0.18203191317, 0.38510862722, 0.31621802036, 0.3224430908, 0.28396598874, 0.16821364514, 0.43205477375, 0.26338497208, 0.55630768904, 0.24816242535, 0.47955297417, 0.27547866583, 0.3197828009, 0.25706205375, 0.14851299821, 0.3925015, 0.23548308542, 0.55660372103, 0.25547511759, 0.4859080216, 0.29488328076, 0.35202338241, 0.27860889298, 0.16993127857, 0.41060475427, 0.26422865998, 0.47155958026, 0.19799386827, 0.40363436694, 0.35850914117, 0.39140137746, 0.33213697309, 0.14011545493, 0.3511095879, 0.22191164424, 0.4660329423, 0.20288766807, 0.40637168414, 0.39385160277, 0.44600274403, 0.37171667162, 0.15829838199, 0.39359240175, 0.24828428497]
    ],
    [
      [0.49037724766, 0.21180783822, 0.42340304679, 0.35132437035, 0.39459976003, 0.32831266823, 0.13075777333, 0.34079332128, 0.20888180095, 0.50284610811, 0.22773705438, 0.44233095953, 0.36639611856, 0.43146962434, 0.34878723951, 0.17309327631, 0.43688795994, 0.26993511888, 0.54100289315, 0.23719827619, 0.46443492375, 0.28590383054, 0.32591376386, 0.26562995737, 0.17085764659, 0.40428776426, 0.26497238463, 0.44191220376, 0.18177599153, 0.37726847629, 0.38723014964, 0.41393624421, 0.35775913908, 0.12580872235, 0.34486956358, 0.20246780658, 0.56069892787, 0.26697927737, 0.49689835481, 0.31349234978, 0.38815115906, 0.3006338386, 0.15289988983, 0.36678274926, 0.23957160652, 0.42699991137, 0.17802289079, 0.36829779244, 0.42010019881, 0.45519435995],
      [0.39213060104, 0.1300778914, 0.33835600385, 0.2078383248, 0.49861218514, 0.22538068583, 0.43867306488, 0.37130992346, 0.43626331032, 0.35348861033, 0.16678234027, 0.43052450863, 0.26146567162, 0.56035651878, 0.2512759158, 0.4836474314, 0.27286114095, 0.31819957557, 0.25488689698, 0.12182053705, 0.32447418068, 0.19588786369, 0.51504127245, 0.23841219635, 0.45610801001, 0.3631381905, 0.43711362296, 0.3480041263, 0.21806727055, 0.47212623585, 0.32744970823, 0.39371329825, 0.14814239051, 0.32531391591, 0.3882194312, 0.37973137363, 0.34723637586, 0.13703910633, 0.3555662432, 0.21816683554, 0.5084510891, 0.22918078712, 0.44563336198, 0.35450980457, 0.41525296969, 0.33619980248, 0.1372290312, 0.37259844867, 0.21936868711, 0.57084085657],
      [0.26924384518, 0.50251139013, 0.29193011224, 0.35815770614, 0.27811992277, 0.18050944426, 0.44744459475, 0.27995765508, 0.52992945389, 0.22825354294, 0.45246153581, 0.28956110185, 0.32430186231, 0.2675808091, 0.14747656239, 0.37269548914, 0.2329347193, 0.49233498358, 0.21615265235, 0.42810827366, 0.36018845403, 0.41115185851, 0.33895700703, 0.16187640659, 0.37829533587, 0.25181242927, 0.40517500967, 0.16456908974, 0.34694462718, 0.43294858374, 0.45713557439, 0.40124294355, 0.16617084266, 0.40726796989, 0.25924000433, 0.48509266176, 0.20660214231, 0.41661504098, 0.34873649558, 0.38612988781, 0.3241449547, 0.17814946369, 0.42214485553, 0.27537049211, 0.45804388054, 0.18860161393, 0.38968045201, 0.36380665578, 0.38925353054, 0.33494905587]
    ]
  ],
  "maxiter": 3600,
  "param_threshold": 0.001,
  "ll_threshold": "-Inf",
  "initial_prob": "group_proportional"
}
